{"producer":{"name":"Blender","version":"2.78 (sub 0)","exporter_version":"5.1.0","file":"alice.babylon"},
"autoClear":true,"clearColor":[0.0509,0.0509,0.0509],"ambientColor":[0,0,0],"gravity":[0,-9.81,0],
"materials":[{"name":"alice.defaultMaterial","id":"alice.defaultMaterial","ambient":[1,1,1],"diffuse":[1,1,1],"specular":[0,0,0],"emissive":[0,0,0],"specularPower":245,"alpha":1,"backFaceCulling":true,"checkReadyOnlyOnce":false,"maxSimultaneousLights":4, 
"diffuseTexture":{"name":"texture.png","level":1,"hasAlpha":1,"coordinatesMode":0,"uOffset":0,"vOffset":0,"uScale":1,"vScale":1,"uAng":0,"vAng":0,"wAng":0,"wrapU":1,"wrapV":1,"coordinatesIndex":0}}],
"multiMaterials":[],
"skeletons":[{"name":"alice","id":0,"dimensionsAtRest":[0.7323,1.7228,0.248],"bones":[
{"name":"Root","index":0,"matrix":[1,0,0,0,0,1,0,0,0,0,-1,0,0,0.0036,0.0018,1],"rest":[1,0,0,0,0,1,0,0,0,0,-1,0,0,0.0036,0.0018,1],"parentBoneIndex":-1,"length":0.0659
,"animation":{"dataType":3,"framePerSecond":60,"keys":[
{"frame":1,"values":[1,0,0,0,0,1,0,0,0,0,-1,0,0,0.0036,0.0018,1]},
{"frame":253,"values":[1,0,0,0,0,1,0,0,0,0,-1,0,0,0.0036,0.0018,1]},
{"frame":260,"values":[1,0,0,0,0,1,0,0,0,0,-1,0,0,0.0036,0.0018,1]},
{"frame":292,"values":[1,0,0,0,0,1,0,0,0,0,-1,0,0,0.0036,0.0018,1]}],"loopBehavior":1,"name":"anim","property":"_matrix"}},
{"name":"pelvis","index":1,"matrix":[1,0,0,0,0,0.0317,0.9995,0,0,-0.9995,0.0317,0,0,0.7892,0.003,1],"rest":[1,0,0,0,0,0.0317,0.9995,0,0,-0.9996,0.0317,0,0,0.7715,0.003,1],"parentBoneIndex":0,"length":0.0573
,"animation":{"dataType":3,"framePerSecond":60,"keys":[
{"frame":1,"values":[1,0,0,0,0,0.0317,0.9995,0,0,-0.9995,0.0317,0,0,0.7843,0.003,1]},
{"frame":5,"values":[1,0,0,0,0,0.0317,0.9995,0,0,-0.9995,0.0317,0,0,0.7842,0.003,1]},
{"frame":7,"values":[1,0,0,0,0,0.0317,0.9995,0,0,-0.9995,0.0317,0,0,0.7841,0.003,1]},
{"frame":8,"values":[1,0,0,0,0,0.0317,0.9995,0,0,-0.9995,0.0317,0,0,0.784,0.003,1]},
{"frame":10,"values":[1,0,0,0,0,0.0317,0.9995,0,0,-0.9995,0.0317,0,0,0.7839,0.003,1]},
{"frame":11,"values":[1,0,0,0,0,0.0317,0.9995,0,0,-0.9995,0.0317,0,0,0.7838,0.003,1]},
{"frame":12,"values":[1,0,0,0,0,0.0317,0.9995,0,0,-0.9995,0.0317,0,0,0.7836,0.003,1]},
{"frame":13,"values":[1,0,0,0,0,0.0317,0.9995,0,0,-0.9995,0.0317,0,0,0.7835,0.003,1]},
{"frame":14,"values":[1,0,0,0,0,0.0317,0.9995,0,0,-0.9995,0.0317,0,0,0.7834,0.003,1]},
{"frame":15,"values":[1,0,0,0,0,0.0317,0.9995,0,0,-0.9995,0.0317,0,0,0.7832,0.003,1]},
{"frame":16,"values":[1,0,0,0,0,0.0317,0.9995,0,0,-0.9995,0.0317,0,0,0.7831,0.003,1]},
{"frame":17,"values":[1,0,0,0,0,0.0317,0.9995,0,0,-0.9995,0.0317,0,0,0.7829,0.003,1]},
{"frame":18,"values":[1,0,0,0,0,0.0317,0.9995,0,0,-0.9995,0.0317,0,0,0.7827,0.003,1]},
{"frame":19,"values":[1,0,0,0,0,0.0317,0.9995,0,0,-0.9995,0.0317,0,0,0.7825,0.003,1]},
{"frame":20,"values":[1,0,0,0,0,0.0317,0.9995,0,0,-0.9995,0.0317,0,0,0.7823,0.003,1]},
{"frame":21,"values":[1,0,0,0,0,0.0317,0.9995,0,0,-0.9995,0.0317,0,0,0.7821,0.003,1]},
{"frame":22,"values":[1,0,0,0,0,0.0317,0.9995,0,0,-0.9995,0.0317,0,0,0.7819,0.003,1]},
{"frame":23,"values":[1,0,0,0,0,0.0317,0.9995,0,0,-0.9995,0.0317,0,0,0.7817,0.003,1]},
{"frame":24,"values":[1,0,0,0,0,0.0317,0.9995,0,0,-0.9995,0.0317,0,0,0.7815,0.003,1]},
{"frame":25,"values":[1,0,0,0,0,0.0317,0.9995,0,0,-0.9995,0.0317,0,0,0.7812,0.003,1]},
{"frame":26,"values":[1,0,0,0,0,0.0317,0.9995,0,0,-0.9995,0.0317,0,0,0.781,0.003,1]},
{"frame":27,"values":[1,0,0,0,0,0.0317,0.9995,0,0,-0.9995,0.0317,0,0,0.7807,0.003,1]},
{"frame":28,"values":[1,0,0,0,0,0.0317,0.9995,0,0,-0.9995,0.0317,0,0,0.7805,0.003,1]},
{"frame":29,"values":[1,0,0,0,0,0.0317,0.9995,0,0,-0.9995,0.0317,0,0,0.7802,0.003,1]},
{"frame":30,"values":[1,0,0,0,0,0.0317,0.9995,0,0,-0.9995,0.0317,0,0,0.78,0.003,1]},
{"frame":31,"values":[1,0,0,0,0,0.0317,0.9995,0,0,-0.9995,0.0317,0,0,0.7797,0.003,1]},
{"frame":32,"values":[1,0,0,0,0,0.0317,0.9995,0,0,-0.9995,0.0317,0,0,0.7794,0.003,1]},
{"frame":33,"values":[1,0,0,0,0,0.0317,0.9995,0,0,-0.9995,0.0317,0,0,0.7792,0.003,1]},
{"frame":34,"values":[1,0,0,0,0,0.0317,0.9995,0,0,-0.9995,0.0317,0,0,0.7789,0.003,1]},
{"frame":35,"values":[1,0,0,0,0,0.0317,0.9995,0,0,-0.9995,0.0317,0,0,0.7786,0.003,1]},
{"frame":36,"values":[1,0,0,0,0,0.0317,0.9995,0,0,-0.9995,0.0317,0,0,0.7784,0.003,1]},
{"frame":37,"values":[1,0,0,0,0,0.0317,0.9995,0,0,-0.9995,0.0317,0,0,0.7781,0.003,1]},
{"frame":38,"values":[1,0,0,0,0,0.0317,0.9995,0,0,-0.9995,0.0317,0,0,0.7778,0.003,1]},
{"frame":39,"values":[1,0,0,0,0,0.0317,0.9995,0,0,-0.9995,0.0317,0,0,0.7776,0.003,1]},
{"frame":40,"values":[1,0,0,0,0,0.0317,0.9995,0,0,-0.9995,0.0317,0,0,0.7773,0.003,1]},
{"frame":41,"values":[1,0,0,0,0,0.0317,0.9995,0,0,-0.9995,0.0317,0,0,0.7771,0.003,1]},
{"frame":42,"values":[1,0,0,0,0,0.0317,0.9995,0,0,-0.9995,0.0317,0,0,0.7768,0.003,1]},
{"frame":43,"values":[1,0,0,0,0,0.0317,0.9995,0,0,-0.9995,0.0317,0,0,0.7766,0.003,1]},
{"frame":44,"values":[1,0,0,0,0,0.0317,0.9995,0,0,-0.9995,0.0317,0,0,0.7764,0.003,1]},
{"frame":45,"values":[1,0,0,0,0,0.0317,0.9995,0,0,-0.9995,0.0317,0,0,0.7761,0.003,1]},
{"frame":46,"values":[1,0,0,0,0,0.0317,0.9995,0,0,-0.9995,0.0317,0,0,0.7759,0.003,1]},
{"frame":47,"values":[1,0,0,0,0,0.0317,0.9995,0,0,-0.9995,0.0317,0,0,0.7757,0.003,1]},
{"frame":48,"values":[1,0,0,0,0,0.0317,0.9995,0,0,-0.9995,0.0317,0,0,0.7755,0.003,1]},
{"frame":49,"values":[1,0,0,0,0,0.0317,0.9995,0,0,-0.9995,0.0317,0,0,0.7753,0.003,1]},
{"frame":50,"values":[1,0,0,0,0,0.0317,0.9995,0,0,-0.9995,0.0317,0,0,0.7752,0.003,1]},
{"frame":51,"values":[1,0,0,0,0,0.0317,0.9995,0,0,-0.9995,0.0317,0,0,0.775,0.003,1]},
{"frame":52,"values":[1,0,0,0,0,0.0317,0.9995,0,0,-0.9995,0.0317,0,0,0.7748,0.003,1]},
{"frame":53,"values":[1,0,0,0,0,0.0317,0.9995,0,0,-0.9995,0.0317,0,0,0.7747,0.003,1]},
{"frame":54,"values":[1,0,0,0,0,0.0317,0.9995,0,0,-0.9995,0.0317,0,0,0.7745,0.003,1]},
{"frame":55,"values":[1,0,0,0,0,0.0317,0.9995,0,0,-0.9995,0.0317,0,0,0.7744,0.003,1]},
{"frame":56,"values":[1,0,0,0,0,0.0317,0.9995,0,0,-0.9995,0.0317,0,0,0.7743,0.003,1]},
{"frame":57,"values":[1,0,0,0,0,0.0317,0.9995,0,0,-0.9995,0.0317,0,0,0.7742,0.003,1]},
{"frame":58,"values":[1,0,0,0,0,0.0317,0.9995,0,0,-0.9995,0.0317,0,0,0.7741,0.003,1]},
{"frame":59,"values":[1,0,0,0,0,0.0317,0.9995,0,0,-0.9995,0.0317,0,0,0.774,0.003,1]},
{"frame":60,"values":[1,0,0,0,0,0.0317,0.9995,0,0,-0.9995,0.0317,0,0,0.7739,0.003,1]},
{"frame":62,"values":[1,0,0,0,0,0.0317,0.9995,0,0,-0.9995,0.0317,0,0,0.7738,0.003,1]},
{"frame":65,"values":[1,0,0,0,0,0.0317,0.9995,0,0,-0.9995,0.0317,0,0,0.7737,0.003,1]},
{"frame":68,"values":[1,0,0,0,0,0.0317,0.9995,0,0,-0.9995,0.0317,0,0,0.7738,0.003,1]},
{"frame":71,"values":[1,0,0,0,0,0.0317,0.9995,0,0,-0.9995,0.0317,0,0,0.7739,0.003,1]},
{"frame":72,"values":[1,0,0,0,0,0.0317,0.9995,0,0,-0.9995,0.0317,0,0,0.774,0.003,1]},
{"frame":74,"values":[1,0,0,0,0,0.0317,0.9995,0,0,-0.9995,0.0317,0,0,0.7741,0.003,1]},
{"frame":75,"values":[1,0,0,0,0,0.0317,0.9995,0,0,-0.9995,0.0317,0,0,0.7742,0.003,1]},
{"frame":76,"values":[1,0,0,0,0,0.0317,0.9995,0,0,-0.9995,0.0317,0,0,0.7744,0.003,1]},
{"frame":77,"values":[1,0,0,0,0,0.0317,0.9995,0,0,-0.9995,0.0317,0,0,0.7745,0.003,1]},
{"frame":78,"values":[1,0,0,0,0,0.0317,0.9995,0,0,-0.9995,0.0317,0,0,0.7746,0.003,1]},
{"frame":79,"values":[1,0,0,0,0,0.0317,0.9995,0,0,-0.9995,0.0317,0,0,0.7748,0.003,1]},
{"frame":80,"values":[1,0,0,0,0,0.0317,0.9995,0,0,-0.9995,0.0317,0,0,0.7749,0.003,1]},
{"frame":81,"values":[1,0,0,0,0,0.0317,0.9995,0,0,-0.9995,0.0317,0,0,0.7751,0.003,1]},
{"frame":82,"values":[1,0,0,0,0,0.0317,0.9995,0,0,-0.9995,0.0317,0,0,0.7753,0.003,1]},
{"frame":83,"values":[1,0,0,0,0,0.0317,0.9995,0,0,-0.9995,0.0317,0,0,0.7755,0.003,1]},
{"frame":84,"values":[1,0,0,0,0,0.0317,0.9995,0,0,-0.9995,0.0317,0,0,0.7757,0.003,1]},
{"frame":85,"values":[1,0,0,0,0,0.0317,0.9995,0,0,-0.9995,0.0317,0,0,0.7759,0.003,1]},
{"frame":86,"values":[1,0,0,0,0,0.0317,0.9995,0,0,-0.9995,0.0317,0,0,0.7761,0.003,1]},
{"frame":87,"values":[1,0,0,0,0,0.0317,0.9995,0,0,-0.9995,0.0317,0,0,0.7764,0.003,1]},
{"frame":88,"values":[1,0,0,0,0,0.0317,0.9995,0,0,-0.9995,0.0317,0,0,0.7766,0.003,1]},
{"frame":89,"values":[1,0,0,0,0,0.0317,0.9995,0,0,-0.9995,0.0317,0,0,0.7769,0.003,1]},
{"frame":90,"values":[1,0,0,0,0,0.0317,0.9995,0,0,-0.9995,0.0317,0,0,0.7771,0.003,1]},
{"frame":91,"values":[1,0,0,0,0,0.0317,0.9995,0,0,-0.9995,0.0317,0,0,0.7774,0.003,1]},
{"frame":92,"values":[1,0,0,0,0,0.0317,0.9995,0,0,-0.9995,0.0317,0,0,0.7776,0.003,1]},
{"frame":93,"values":[1,0,0,0,0,0.0317,0.9995,0,0,-0.9995,0.0317,0,0,0.7779,0.003,1]},
{"frame":94,"values":[1,0,0,0,0,0.0317,0.9995,0,0,-0.9995,0.0317,0,0,0.7782,0.003,1]},
{"frame":95,"values":[1,0,0,0,0,0.0317,0.9995,0,0,-0.9995,0.0317,0,0,0.7785,0.003,1]},
{"frame":96,"values":[1,0,0,0,0,0.0317,0.9995,0,0,-0.9995,0.0317,0,0,0.7787,0.003,1]},
{"frame":97,"values":[1,0,0,0,0,0.0317,0.9995,0,0,-0.9995,0.0317,0,0,0.779,0.003,1]},
{"frame":98,"values":[1,0,0,0,0,0.0317,0.9995,0,0,-0.9995,0.0317,0,0,0.7793,0.003,1]},
{"frame":99,"values":[1,0,0,0,0,0.0317,0.9995,0,0,-0.9995,0.0317,0,0,0.7796,0.003,1]},
{"frame":100,"values":[1,0,0,0,0,0.0317,0.9995,0,0,-0.9995,0.0317,0,0,0.7799,0.003,1]},
{"frame":101,"values":[1,0,0,0,0,0.0317,0.9995,0,0,-0.9995,0.0317,0,0,0.7801,0.003,1]},
{"frame":102,"values":[1,0,0,0,0,0.0317,0.9995,0,0,-0.9995,0.0317,0,0,0.7804,0.003,1]},
{"frame":103,"values":[1,0,0,0,0,0.0317,0.9995,0,0,-0.9995,0.0317,0,0,0.7807,0.003,1]},
{"frame":104,"values":[1,0,0,0,0,0.0317,0.9995,0,0,-0.9995,0.0317,0,0,0.7809,0.003,1]},
{"frame":105,"values":[1,0,0,0,0,0.0317,0.9995,0,0,-0.9995,0.0317,0,0,0.7812,0.003,1]},
{"frame":106,"values":[1,0,0,0,0,0.0317,0.9995,0,0,-0.9995,0.0317,0,0,0.7814,0.003,1]},
{"frame":107,"values":[1,0,0,0,0,0.0317,0.9995,0,0,-0.9995,0.0317,0,0,0.7817,0.003,1]},
{"frame":108,"values":[1,0,0,0,0,0.0317,0.9995,0,0,-0.9995,0.0317,0,0,0.7819,0.003,1]},
{"frame":109,"values":[1,0,0,0,0,0.0317,0.9995,0,0,-0.9995,0.0317,0,0,0.7821,0.003,1]},
{"frame":110,"values":[1,0,0,0,0,0.0317,0.9995,0,0,-0.9995,0.0317,0,0,0.7824,0.003,1]},
{"frame":111,"values":[1,0,0,0,0,0.0317,0.9995,0,0,-0.9995,0.0317,0,0,0.7826,0.003,1]},
{"frame":112,"values":[1,0,0,0,0,0.0317,0.9995,0,0,-0.9995,0.0317,0,0,0.7828,0.003,1]},
{"frame":113,"values":[1,0,0,0,0,0.0317,0.9995,0,0,-0.9995,0.0317,0,0,0.7829,0.003,1]},
{"frame":114,"values":[1,0,0,0,0,0.0317,0.9995,0,0,-0.9995,0.0317,0,0,0.7831,0.003,1]},
{"frame":115,"values":[1,0,0,0,0,0.0317,0.9995,0,0,-0.9995,0.0317,0,0,0.7833,0.003,1]},
{"frame":116,"values":[1,0,0,0,0,0.0317,0.9995,0,0,-0.9995,0.0317,0,0,0.7834,0.003,1]},
{"frame":117,"values":[1,0,0,0,0,0.0317,0.9995,0,0,-0.9995,0.0317,0,0,0.7836,0.003,1]},
{"frame":118,"values":[1,0,0,0,0,0.0317,0.9995,0,0,-0.9995,0.0317,0,0,0.7837,0.003,1]},
{"frame":119,"values":[1,0,0,0,0,0.0317,0.9995,0,0,-0.9995,0.0317,0,0,0.7838,0.003,1]},
{"frame":120,"values":[1,0,0,0,0,0.0317,0.9995,0,0,-0.9995,0.0317,0,0,0.7839,0.003,1]},
{"frame":121,"values":[1,0,0,0,0,0.0317,0.9995,0,0,-0.9995,0.0317,0,0,0.784,0.003,1]},
{"frame":122,"values":[1,0,0,0,0,0.0317,0.9995,0,0,-0.9995,0.0317,0,0,0.7841,0.003,1]},
{"frame":123,"values":[1,0,0,0,0,0.0317,0.9995,0,0,-0.9995,0.0317,0,0,0.7842,0.003,1]},
{"frame":125,"values":[1,0,0,0,0,0.0317,0.9995,0,0,-0.9995,0.0317,0,0,0.7843,0.003,1]},
{"frame":132,"values":[1,0,0,0,0,0.0317,0.9995,0,0,-0.9995,0.0317,0,0,0.7842,0.003,1]},
{"frame":134,"values":[1,0,0,0,0,0.0317,0.9995,0,0,-0.9995,0.0317,0,0,0.7841,0.003,1]},
{"frame":135,"values":[1,0,0,0,0,0.0317,0.9995,0,0,-0.9995,0.0317,0,0,0.784,0.003,1]},
{"frame":137,"values":[1,0,0,0,0,0.0317,0.9995,0,0,-0.9995,0.0317,0,0,0.7839,0.003,1]},
{"frame":138,"values":[1,0,0,0,0,0.0317,0.9995,0,0,-0.9995,0.0317,0,0,0.7838,0.003,1]},
{"frame":139,"values":[1,0,0,0,0,0.0317,0.9995,0,0,-0.9995,0.0317,0,0,0.7836,0.003,1]},
{"frame":140,"values":[1,0,0,0,0,0.0317,0.9995,0,0,-0.9995,0.0317,0,0,0.7835,0.003,1]},
{"frame":141,"values":[1,0,0,0,0,0.0317,0.9995,0,0,-0.9995,0.0317,0,0,0.7834,0.003,1]},
{"frame":142,"values":[1,0,0,0,0,0.0317,0.9995,0,0,-0.9995,0.0317,0,0,0.7832,0.003,1]},
{"frame":143,"values":[1,0,0,0,0,0.0317,0.9995,0,0,-0.9995,0.0317,0,0,0.7831,0.003,1]},
{"frame":144,"values":[1,0,0,0,0,0.0317,0.9995,0,0,-0.9995,0.0317,0,0,0.7829,0.003,1]},
{"frame":145,"values":[1,0,0,0,0,0.0317,0.9995,0,0,-0.9995,0.0317,0,0,0.7827,0.003,1]},
{"frame":146,"values":[1,0,0,0,0,0.0317,0.9995,0,0,-0.9995,0.0317,0,0,0.7825,0.003,1]},
{"frame":147,"values":[1,0,0,0,0,0.0317,0.9995,0,0,-0.9995,0.0317,0,0,0.7823,0.003,1]},
{"frame":148,"values":[1,0,0,0,0,0.0317,0.9995,0,0,-0.9995,0.0317,0,0,0.7821,0.003,1]},
{"frame":149,"values":[1,0,0,0,0,0.0317,0.9995,0,0,-0.9995,0.0317,0,0,0.7819,0.003,1]},
{"frame":150,"values":[1,0,0,0,0,0.0317,0.9995,0,0,-0.9995,0.0317,0,0,0.7817,0.003,1]},
{"frame":151,"values":[1,0,0,0,0,0.0317,0.9995,0,0,-0.9995,0.0317,0,0,0.7815,0.003,1]},
{"frame":152,"values":[1,0,0,0,0,0.0317,0.9995,0,0,-0.9995,0.0317,0,0,0.7812,0.003,1]},
{"frame":153,"values":[1,0,0,0,0,0.0317,0.9995,0,0,-0.9995,0.0317,0,0,0.781,0.003,1]},
{"frame":154,"values":[1,0,0,0,0,0.0317,0.9995,0,0,-0.9995,0.0317,0,0,0.7807,0.003,1]},
{"frame":155,"values":[1,0,0,0,0,0.0317,0.9995,0,0,-0.9995,0.0317,0,0,0.7805,0.003,1]},
{"frame":156,"values":[1,0,0,0,0,0.0317,0.9995,0,0,-0.9995,0.0317,0,0,0.7802,0.003,1]},
{"frame":157,"values":[1,0,0,0,0,0.0317,0.9995,0,0,-0.9995,0.0317,0,0,0.78,0.003,1]},
{"frame":158,"values":[1,0,0,0,0,0.0317,0.9995,0,0,-0.9995,0.0317,0,0,0.7797,0.003,1]},
{"frame":159,"values":[1,0,0,0,0,0.0317,0.9995,0,0,-0.9995,0.0317,0,0,0.7794,0.003,1]},
{"frame":160,"values":[1,0,0,0,0,0.0317,0.9995,0,0,-0.9995,0.0317,0,0,0.7792,0.003,1]},
{"frame":161,"values":[1,0,0,0,0,0.0317,0.9995,0,0,-0.9995,0.0317,0,0,0.7789,0.003,1]},
{"frame":162,"values":[1,0,0,0,0,0.0317,0.9995,0,0,-0.9995,0.0317,0,0,0.7786,0.003,1]},
{"frame":163,"values":[1,0,0,0,0,0.0317,0.9995,0,0,-0.9995,0.0317,0,0,0.7784,0.003,1]},
{"frame":164,"values":[1,0,0,0,0,0.0317,0.9995,0,0,-0.9995,0.0317,0,0,0.7781,0.003,1]},
{"frame":165,"values":[1,0,0,0,0,0.0317,0.9995,0,0,-0.9995,0.0317,0,0,0.7778,0.003,1]},
{"frame":166,"values":[1,0,0,0,0,0.0317,0.9995,0,0,-0.9995,0.0317,0,0,0.7776,0.003,1]},
{"frame":167,"values":[1,0,0,0,0,0.0317,0.9995,0,0,-0.9995,0.0317,0,0,0.7773,0.003,1]},
{"frame":168,"values":[1,0,0,0,0,0.0317,0.9995,0,0,-0.9995,0.0317,0,0,0.7771,0.003,1]},
{"frame":169,"values":[1,0,0,0,0,0.0317,0.9995,0,0,-0.9995,0.0317,0,0,0.7768,0.003,1]},
{"frame":170,"values":[1,0,0,0,0,0.0317,0.9995,0,0,-0.9995,0.0317,0,0,0.7766,0.003,1]},
{"frame":171,"values":[1,0,0,0,0,0.0317,0.9995,0,0,-0.9995,0.0317,0,0,0.7764,0.003,1]},
{"frame":172,"values":[1,0,0,0,0,0.0317,0.9995,0,0,-0.9995,0.0317,0,0,0.7761,0.003,1]},
{"frame":173,"values":[1,0,0,0,0,0.0317,0.9995,0,0,-0.9995,0.0317,0,0,0.7759,0.003,1]},
{"frame":174,"values":[1,0,0,0,0,0.0317,0.9995,0,0,-0.9995,0.0317,0,0,0.7757,0.003,1]},
{"frame":175,"values":[1,0,0,0,0,0.0317,0.9995,0,0,-0.9995,0.0317,0,0,0.7755,0.003,1]},
{"frame":176,"values":[1,0,0,0,0,0.0317,0.9995,0,0,-0.9995,0.0317,0,0,0.7753,0.003,1]},
{"frame":177,"values":[1,0,0,0,0,0.0317,0.9995,0,0,-0.9995,0.0317,0,0,0.7752,0.003,1]},
{"frame":178,"values":[1,0,0,0,0,0.0317,0.9995,0,0,-0.9995,0.0317,0,0,0.775,0.003,1]},
{"frame":179,"values":[1,0,0,0,0,0.0317,0.9995,0,0,-0.9995,0.0317,0,0,0.7748,0.003,1]},
{"frame":180,"values":[1,0,0,0,0,0.0317,0.9995,0,0,-0.9995,0.0317,0,0,0.7747,0.003,1]},
{"frame":181,"values":[1,0,0,0,0,0.0317,0.9995,0,0,-0.9995,0.0317,0,0,0.7745,0.003,1]},
{"frame":182,"values":[1,0,0,0,0,0.0317,0.9995,0,0,-0.9995,0.0317,0,0,0.7744,0.003,1]},
{"frame":183,"values":[1,0,0,0,0,0.0317,0.9995,0,0,-0.9995,0.0317,0,0,0.7743,0.003,1]},
{"frame":184,"values":[1,0,0,0,0,0.0317,0.9995,0,0,-0.9995,0.0317,0,0,0.7742,0.003,1]},
{"frame":185,"values":[1,0,0,0,0,0.0317,0.9995,0,0,-0.9995,0.0317,0,0,0.7741,0.003,1]},
{"frame":186,"values":[1,0,0,0,0,0.0317,0.9995,0,0,-0.9995,0.0317,0,0,0.774,0.003,1]},
{"frame":187,"values":[1,0,0,0,0,0.0317,0.9995,0,0,-0.9995,0.0317,0,0,0.7739,0.003,1]},
{"frame":189,"values":[1,0,0,0,0,0.0317,0.9995,0,0,-0.9995,0.0317,0,0,0.7738,0.003,1]},
{"frame":192,"values":[1,0,0,0,0,0.0317,0.9995,0,0,-0.9995,0.0317,0,0,0.7737,0.003,1]},
{"frame":195,"values":[1,0,0,0,0,0.0317,0.9995,0,0,-0.9995,0.0317,0,0,0.7738,0.003,1]},
{"frame":198,"values":[1,0,0,0,0,0.0317,0.9995,0,0,-0.9995,0.0317,0,0,0.7739,0.003,1]},
{"frame":199,"values":[1,0,0,0,0,0.0317,0.9995,0,0,-0.9995,0.0317,0,0,0.774,0.003,1]},
{"frame":200,"values":[1,0,0,0,0,0.0317,0.9995,0,0,-0.9995,0.0317,0,0,0.7741,0.003,1]},
{"frame":201,"values":[1,0,0,0,0,0.0317,0.9995,0,0,-0.9995,0.0317,0,0,0.7742,0.003,1]},
{"frame":202,"values":[1,0,0,0,0,0.0317,0.9995,0,0,-0.9995,0.0317,0,0,0.7743,0.003,1]},
{"frame":203,"values":[1,0,0,0,0,0.0317,0.9995,0,0,-0.9995,0.0317,0,0,0.7744,0.003,1]},
{"frame":204,"values":[1,0,0,0,0,0.0317,0.9995,0,0,-0.9995,0.0317,0,0,0.7745,0.003,1]},
{"frame":205,"values":[1,0,0,0,0,0.0317,0.9995,0,0,-0.9995,0.0317,0,0,0.7747,0.003,1]},
{"frame":206,"values":[1,0,0,0,0,0.0317,0.9995,0,0,-0.9995,0.0317,0,0,0.7748,0.003,1]},
{"frame":207,"values":[1,0,0,0,0,0.0317,0.9995,0,0,-0.9995,0.0317,0,0,0.775,0.003,1]},
{"frame":208,"values":[1,0,0,0,0,0.0317,0.9995,0,0,-0.9995,0.0317,0,0,0.7752,0.003,1]},
{"frame":209,"values":[1,0,0,0,0,0.0317,0.9995,0,0,-0.9995,0.0317,0,0,0.7754,0.003,1]},
{"frame":210,"values":[1,0,0,0,0,0.0317,0.9995,0,0,-0.9995,0.0317,0,0,0.7756,0.003,1]},
{"frame":211,"values":[1,0,0,0,0,0.0317,0.9995,0,0,-0.9995,0.0317,0,0,0.7758,0.003,1]},
{"frame":212,"values":[1,0,0,0,0,0.0317,0.9995,0,0,-0.9995,0.0317,0,0,0.7761,0.003,1]},
{"frame":213,"values":[1,0,0,0,0,0.0317,0.9995,0,0,-0.9995,0.0317,0,0,0.7763,0.003,1]},
{"frame":214,"values":[1,0,0,0,0,0.0317,0.9995,0,0,-0.9995,0.0317,0,0,0.7765,0.003,1]},
{"frame":215,"values":[1,0,0,0,0,0.0317,0.9995,0,0,-0.9995,0.0317,0,0,0.7768,0.003,1]},
{"frame":216,"values":[1,0,0,0,0,0.0317,0.9995,0,0,-0.9995,0.0317,0,0,0.7771,0.003,1]},
{"frame":217,"values":[1,0,0,0,0,0.0317,0.9995,0,0,-0.9995,0.0317,0,0,0.7773,0.003,1]},
{"frame":218,"values":[1,0,0,0,0,0.0317,0.9995,0,0,-0.9995,0.0317,0,0,0.7776,0.003,1]},
{"frame":219,"values":[1,0,0,0,0,0.0317,0.9995,0,0,-0.9995,0.0317,0,0,0.7779,0.003,1]},
{"frame":220,"values":[1,0,0,0,0,0.0317,0.9995,0,0,-0.9995,0.0317,0,0,0.7782,0.003,1]},
{"frame":221,"values":[1,0,0,0,0,0.0317,0.9995,0,0,-0.9995,0.0317,0,0,0.7784,0.003,1]},
{"frame":222,"values":[1,0,0,0,0,0.0317,0.9995,0,0,-0.9995,0.0317,0,0,0.7787,0.003,1]},
{"frame":223,"values":[1,0,0,0,0,0.0317,0.9995,0,0,-0.9995,0.0317,0,0,0.779,0.003,1]},
{"frame":224,"values":[1,0,0,0,0,0.0317,0.9995,0,0,-0.9995,0.0317,0,0,0.7793,0.003,1]},
{"frame":225,"values":[1,0,0,0,0,0.0317,0.9995,0,0,-0.9995,0.0317,0,0,0.7796,0.003,1]},
{"frame":226,"values":[1,0,0,0,0,0.0317,0.9995,0,0,-0.9995,0.0317,0,0,0.7799,0.003,1]},
{"frame":227,"values":[1,0,0,0,0,0.0317,0.9995,0,0,-0.9995,0.0317,0,0,0.7802,0.003,1]},
{"frame":228,"values":[1,0,0,0,0,0.0317,0.9995,0,0,-0.9995,0.0317,0,0,0.7804,0.003,1]},
{"frame":229,"values":[1,0,0,0,0,0.0317,0.9995,0,0,-0.9995,0.0317,0,0,0.7807,0.003,1]},
{"frame":230,"values":[1,0,0,0,0,0.0317,0.9995,0,0,-0.9995,0.0317,0,0,0.781,0.003,1]},
{"frame":231,"values":[1,0,0,0,0,0.0317,0.9995,0,0,-0.9995,0.0317,0,0,0.7813,0.003,1]},
{"frame":232,"values":[1,0,0,0,0,0.0317,0.9995,0,0,-0.9995,0.0317,0,0,0.7815,0.003,1]},
{"frame":233,"values":[1,0,0,0,0,0.0317,0.9995,0,0,-0.9995,0.0317,0,0,0.7818,0.003,1]},
{"frame":234,"values":[1,0,0,0,0,0.0317,0.9995,0,0,-0.9995,0.0317,0,0,0.782,0.003,1]},
{"frame":235,"values":[1,0,0,0,0,0.0317,0.9995,0,0,-0.9995,0.0317,0,0,0.7822,0.003,1]},
{"frame":236,"values":[1,0,0,0,0,0.0317,0.9995,0,0,-0.9995,0.0317,0,0,0.7824,0.003,1]},
{"frame":237,"values":[1,0,0,0,0,0.0317,0.9995,0,0,-0.9995,0.0317,0,0,0.7826,0.003,1]},
{"frame":238,"values":[1,0,0,0,0,0.0317,0.9995,0,0,-0.9995,0.0317,0,0,0.7828,0.003,1]},
{"frame":239,"values":[1,0,0,0,0,0.0317,0.9995,0,0,-0.9995,0.0317,0,0,0.783,0.003,1]},
{"frame":240,"values":[1,0,0,0,0,0.0317,0.9995,0,0,-0.9995,0.0317,0,0,0.7832,0.003,1]},
{"frame":241,"values":[1,0,0,0,0,0.0317,0.9995,0,0,-0.9995,0.0317,0,0,0.7834,0.003,1]},
{"frame":242,"values":[1,0,0,0,0,0.0317,0.9995,0,0,-0.9995,0.0317,0,0,0.7835,0.003,1]},
{"frame":243,"values":[1,0,0,0,0,0.0317,0.9995,0,0,-0.9995,0.0317,0,0,0.7837,0.003,1]},
{"frame":244,"values":[1,0,0,0,0,0.0317,0.9995,0,0,-0.9995,0.0317,0,0,0.7838,0.003,1]},
{"frame":245,"values":[1,0,0,0,0,0.0317,0.9995,0,0,-0.9995,0.0317,0,0,0.7839,0.003,1]},
{"frame":246,"values":[1,0,0,0,0,0.0317,0.9995,0,0,-0.9995,0.0317,0,0,0.784,0.003,1]},
{"frame":247,"values":[1,0,0,0,0,0.0317,0.9995,0,0,-0.9995,0.0317,0,0,0.7841,0.003,1]},
{"frame":249,"values":[1,0,0,0,0,0.0317,0.9995,0,0,-0.9995,0.0317,0,0,0.7842,0.003,1]},
{"frame":251,"values":[1,0,0,0,0,0.0317,0.9995,0,0,-0.9995,0.0317,0,0,0.7843,0.003,1]},
{"frame":253,"values":[1,0,0,0,0,0.0317,0.9995,0,0,-0.9995,0.0317,0,0,0.7843,0.003,1]},
{"frame":260,"values":[1,0,0,0,0,0.0317,0.9995,0,0,-0.9995,0.0317,0,0,0.7393,0.003,1]},
{"frame":261,"values":[1,0,0,0,0,0.0317,0.9995,0,0,-0.9995,0.0317,0,0,0.7408,0.003,1]},
{"frame":262,"values":[1,0,0,0,0,0.0317,0.9995,0,0,-0.9995,0.0317,0,0,0.7451,0.003,1]},
{"frame":263,"values":[1,0,0,0,0,0.0317,0.9995,0,0,-0.9995,0.0317,0,0,0.7519,0.003,1]},
{"frame":264,"values":[1,0,0,0,0,0.0317,0.9995,0,0,-0.9995,0.0317,0,0,0.7602,0.003,1]},
{"frame":265,"values":[1,0,0,0,0,0.0317,0.9995,0,0,-0.9995,0.0317,0,0,0.7684,0.003,1]},
{"frame":266,"values":[1,0,0,0,0,0.0317,0.9995,0,0,-0.9995,0.0317,0,0,0.7752,0.003,1]},
{"frame":267,"values":[1,0,0,0,0,0.0317,0.9995,0,0,-0.9995,0.0317,0,0,0.7795,0.003,1]},
{"frame":268,"values":[1,0,0,0,0,0.0317,0.9995,0,0,-0.9995,0.0317,0,0,0.781,0.003,1]},
{"frame":269,"values":[1,0,0,0,0,0.0317,0.9995,0,0,-0.9995,0.0317,0,0,0.7799,0.003,1]},
{"frame":270,"values":[1,0,0,0,0,0.0317,0.9995,0,0,-0.9995,0.0317,0,0,0.7768,0.003,1]},
{"frame":271,"values":[1,0,0,0,0,0.0317,0.9995,0,0,-0.9995,0.0317,0,0,0.7719,0.003,1]},
{"frame":272,"values":[1,0,0,0,0,0.0317,0.9995,0,0,-0.9995,0.0317,0,0,0.7659,0.003,1]},
{"frame":273,"values":[1,0,0,0,0,0.0317,0.9995,0,0,-0.9995,0.0317,0,0,0.7599,0.003,1]},
{"frame":274,"values":[1,0,0,0,0,0.0317,0.9995,0,0,-0.9995,0.0317,0,0,0.755,0.003,1]},
{"frame":275,"values":[1,0,0,0,0,0.0317,0.9995,0,0,-0.9995,0.0317,0,0,0.7518,0.003,1]},
{"frame":276,"values":[1,0,0,0,0,0.0317,0.9995,0,0,-0.9995,0.0317,0,0,0.7508,0.003,1]},
{"frame":277,"values":[1,0,0,0,0,0.0317,0.9995,0,0,-0.9995,0.0317,0,0,0.7524,0.003,1]},
{"frame":278,"values":[1,0,0,0,0,0.0317,0.9995,0,0,-0.9995,0.0317,0,0,0.7572,0.003,1]},
{"frame":279,"values":[1,0,0,0,0,0.0317,0.9995,0,0,-0.9995,0.0317,0,0,0.7648,0.003,1]},
{"frame":280,"values":[1,0,0,0,0,0.0317,0.9995,0,0,-0.9995,0.0317,0,0,0.774,0.003,1]},
{"frame":281,"values":[1,0,0,0,0,0.0317,0.9995,0,0,-0.9995,0.0317,0,0,0.7832,0.003,1]},
{"frame":282,"values":[1,0,0,0,0,0.0317,0.9995,0,0,-0.9995,0.0317,0,0,0.7907,0.003,1]},
{"frame":283,"values":[1,0,0,0,0,0.0317,0.9995,0,0,-0.9995,0.0317,0,0,0.7955,0.003,1]},
{"frame":284,"values":[1,0,0,0,0,0.0317,0.9995,0,0,-0.9995,0.0317,0,0,0.7971,0.003,1]},
{"frame":285,"values":[1,0,0,0,0,0.0317,0.9995,0,0,-0.9995,0.0317,0,0,0.7951,0.003,1]},
{"frame":286,"values":[1,0,0,0,0,0.0317,0.9995,0,0,-0.9995,0.0317,0,0,0.7892,0.003,1]},
{"frame":287,"values":[1,0,0,0,0,0.0317,0.9995,0,0,-0.9995,0.0317,0,0,0.7797,0.003,1]},
{"frame":288,"values":[1,0,0,0,0,0.0317,0.9995,0,0,-0.9995,0.0317,0,0,0.7682,0.003,1]},
{"frame":289,"values":[1,0,0,0,0,0.0317,0.9995,0,0,-0.9995,0.0317,0,0,0.7567,0.003,1]},
{"frame":290,"values":[1,0,0,0,0,0.0317,0.9995,0,0,-0.9995,0.0317,0,0,0.7473,0.003,1]},
{"frame":291,"values":[1,0,0,0,0,0.0317,0.9995,0,0,-0.9995,0.0317,0,0,0.7413,0.003,1]},
{"frame":292,"values":[1,0,0,0,0,0.0317,0.9995,0,0,-0.9995,0.0317,0,0,0.7393,0.003,1]}],"loopBehavior":1,"name":"anim","property":"_matrix"}},
{"name":"spine_01","index":2,"matrix":[1,0,0,0,0,-0.2861,-0.9582,0,0,0.9582,-0.2861,0,0,0.0573,0,1],"rest":[1,0,0,0,0,-0.2862,-0.9581,0,0,0.9582,-0.2861,0,0,0.0573,0,1],"parentBoneIndex":1,"length":0.0391
,"animation":{"dataType":3,"framePerSecond":60,"keys":[
{"frame":1,"values":[1,0,0,0,0,-0.2861,-0.9582,0,0,0.9582,-0.2861,0,0,0.0573,0,1]},
{"frame":253,"values":[1,0,0,0,0,-0.2861,-0.9582,0,0,0.9582,-0.2861,0,0,0.0573,0,1]},
{"frame":260,"values":[1,0,0,0,0,-0.2861,-0.9582,0,0,0.9582,-0.2861,0,0,0.0573,0,1]},
{"frame":292,"values":[1,0,0,0,0,-0.2861,-0.9582,0,0,0.9582,-0.2861,0,0,0.0573,0,1]}],"loopBehavior":1,"name":"anim","property":"_matrix"}},
{"name":"spine_02","index":3,"matrix":[1,0,0,0,0,0.9863,0.1649,0,0,-0.1649,0.9863,0,0,0.0391,0,1],"rest":[1,0,0,0,0,0.9863,0.1649,0,0,-0.1649,0.9863,0,0,0.0391,0,1],"parentBoneIndex":2,"length":0.0456
,"animation":{"dataType":3,"framePerSecond":60,"keys":[
{"frame":1,"values":[1,0,0,0,0,0.9863,0.1649,0,0,-0.1649,0.9863,0,0,0.0391,0,1]},
{"frame":253,"values":[1,0,0,0,0,0.9863,0.1649,0,0,-0.1649,0.9863,0,0,0.0391,0,1]},
{"frame":260,"values":[1,0,0,0,0,0.9863,0.1649,0,0,-0.1649,0.9863,0,0,0.0391,0,1]},
{"frame":292,"values":[1,0,0,0,0,0.9863,0.1649,0,0,-0.1649,0.9863,0,0,0.0391,0,1]}],"loopBehavior":1,"name":"anim","property":"_matrix"}},
{"name":"spine_03","index":4,"matrix":[1,0,0,0,0,0.9743,0.2252,0,0,-0.2252,0.9743,0,0,0.0456,0,1],"rest":[1,0,0,0,0,0.9949,0.1011,0,0,-0.1011,0.9949,0,0,0.0456,0,1],"parentBoneIndex":3,"length":0.2667
,"animation":{"dataType":3,"framePerSecond":60,"keys":[
{"frame":1,"values":[1,0,0,0,0,0.9949,0.1011,0,0,-0.1011,0.9949,0,0,0.0456,0,1]},
{"frame":3,"values":[1,0,0,0,0,0.9949,0.1012,0,0,-0.1012,0.9949,0,0,0.0456,0,1]},
{"frame":4,"values":[1,0,0,0,0,0.9948,0.1014,0,0,-0.1014,0.9948,0,0,0.0456,0,1]},
{"frame":5,"values":[1,0,0,0,0,0.9948,0.1017,0,0,-0.1017,0.9948,0,0,0.0456,0,1]},
{"frame":6,"values":[1,0,0,0,0,0.9948,0.1021,0,0,-0.1021,0.9948,0,0,0.0456,0,1]},
{"frame":7,"values":[1,0,0,0,0,0.9947,0.1025,0,0,-0.1025,0.9947,0,0,0.0456,0,1]},
{"frame":8,"values":[1,0,0,0,0,0.9947,0.103,0,0,-0.103,0.9947,0,0,0.0456,0,1]},
{"frame":9,"values":[1,0,0,0,0,0.9946,0.1035,0,0,-0.1035,0.9946,0,0,0.0456,0,1]},
{"frame":10,"values":[1,0,0,0,0,0.9946,0.1042,0,0,-0.1042,0.9946,0,0,0.0456,0,1]},
{"frame":11,"values":[1,0,0,0,0,0.9945,0.1049,0,0,-0.1049,0.9945,0,0,0.0456,0,1]},
{"frame":12,"values":[1,0,0,0,0,0.9944,0.1057,0,0,-0.1057,0.9944,0,0,0.0456,0,1]},
{"frame":13,"values":[1,0,0,0,0,0.9943,0.1066,0,0,-0.1066,0.9943,0,0,0.0456,0,1]},
{"frame":14,"values":[1,0,0,0,0,0.9942,0.1076,0,0,-0.1076,0.9942,0,0,0.0456,0,1]},
{"frame":15,"values":[1,0,0,0,0,0.9941,0.1086,0,0,-0.1086,0.9941,0,0,0.0456,0,1]},
{"frame":16,"values":[1,0,0,0,0,0.994,0.1097,0,0,-0.1097,0.994,0,0,0.0456,0,1]},
{"frame":17,"values":[1,0,0,0,0,0.9938,0.1109,0,0,-0.1109,0.9938,0,0,0.0456,0,1]},
{"frame":18,"values":[1,0,0,0,0,0.9937,0.1121,0,0,-0.1121,0.9937,0,0,0.0456,0,1]},
{"frame":19,"values":[1,0,0,0,0,0.9935,0.1134,0,0,-0.1134,0.9935,0,0,0.0456,0,1]},
{"frame":20,"values":[1,0,0,0,0,0.9934,0.1148,0,0,-0.1148,0.9934,0,0,0.0456,0,1]},
{"frame":21,"values":[1,0,0,0,0,0.9932,0.1162,0,0,-0.1162,0.9932,0,0,0.0456,0,1]},
{"frame":22,"values":[1,0,0,0,0,0.9931,0.1177,0,0,-0.1177,0.9931,0,0,0.0456,0,1]},
{"frame":23,"values":[1,0,0,0,0,0.9929,0.1192,0,0,-0.1192,0.9929,0,0,0.0456,0,1]},
{"frame":24,"values":[1,0,0,0,0,0.9927,0.1208,0,0,-0.1208,0.9927,0,0,0.0456,0,1]},
{"frame":25,"values":[1,0,0,0,0,0.9925,0.1224,0,0,-0.1224,0.9925,0,0,0.0456,0,1]},
{"frame":26,"values":[1,0,0,0,0,0.9923,0.1241,0,0,-0.1241,0.9923,0,0,0.0456,0,1]},
{"frame":27,"values":[1,0,0,0,0,0.9921,0.1258,0,0,-0.1258,0.9921,0,0,0.0456,0,1]},
{"frame":28,"values":[1,0,0,0,0,0.9918,0.1275,0,0,-0.1275,0.9918,0,0,0.0456,0,1]},
{"frame":29,"values":[1,0,0,0,0,0.9916,0.1293,0,0,-0.1293,0.9916,0,0,0.0456,0,1]},
{"frame":30,"values":[1,0,0,0,0,0.9914,0.1311,0,0,-0.1311,0.9914,0,0,0.0456,0,1]},
{"frame":31,"values":[1,0,0,0,0,0.9911,0.1329,0,0,-0.1329,0.9911,0,0,0.0456,0,1]},
{"frame":32,"values":[1,0,0,0,0,0.9909,0.1347,0,0,-0.1347,0.9909,0,0,0.0456,0,1]},
{"frame":33,"values":[1,0,0,0,0,0.9906,0.1366,0,0,-0.1366,0.9906,0,0,0.0456,0,1]},
{"frame":34,"values":[1,0,0,0,0,0.9904,0.1384,0,0,-0.1384,0.9904,0,0,0.0456,0,1]},
{"frame":35,"values":[1,0,0,0,0,0.9901,0.1402,0,0,-0.1402,0.9901,0,0,0.0456,0,1]},
{"frame":36,"values":[1,0,0,0,0,0.9899,0.1421,0,0,-0.1421,0.9899,0,0,0.0456,0,1]},
{"frame":37,"values":[1,0,0,0,0,0.9896,0.1439,0,0,-0.1439,0.9896,0,0,0.0456,0,1]},
{"frame":38,"values":[1,0,0,0,0,0.9893,0.1456,0,0,-0.1456,0.9893,0,0,0.0456,0,1]},
{"frame":39,"values":[1,0,0,0,0,0.9891,0.1474,0,0,-0.1474,0.9891,0,0,0.0456,0,1]},
{"frame":40,"values":[1,0,0,0,0,0.9888,0.1491,0,0,-0.1491,0.9888,0,0,0.0456,0,1]},
{"frame":41,"values":[1,0,0,0,0,0.9886,0.1508,0,0,-0.1508,0.9886,0,0,0.0456,0,1]},
{"frame":42,"values":[1,0,0,0,0,0.9883,0.1525,0,0,-0.1525,0.9883,0,0,0.0456,0,1]},
{"frame":43,"values":[1,0,0,0,0,0.988,0.1541,0,0,-0.1541,0.988,0,0,0.0456,0,1]},
{"frame":44,"values":[1,0,0,0,0,0.9878,0.1557,0,0,-0.1557,0.9878,0,0,0.0456,0,1]},
{"frame":45,"values":[1,0,0,0,0,0.9876,0.1572,0,0,-0.1572,0.9876,0,0,0.0456,0,1]},
{"frame":46,"values":[1,0,0,0,0,0.9873,0.1587,0,0,-0.1587,0.9873,0,0,0.0456,0,1]},
{"frame":47,"values":[1,0,0,0,0,0.9871,0.1601,0,0,-0.1601,0.9871,0,0,0.0456,0,1]},
{"frame":48,"values":[1,0,0,0,0,0.9869,0.1615,0,0,-0.1615,0.9869,0,0,0.0456,0,1]},
{"frame":49,"values":[1,0,0,0,0,0.9867,0.1628,0,0,-0.1628,0.9867,0,0,0.0456,0,1]},
{"frame":50,"values":[1,0,0,0,0,0.9865,0.164,0,0,-0.164,0.9865,0,0,0.0456,0,1]},
{"frame":51,"values":[1,0,0,0,0,0.9863,0.1652,0,0,-0.1652,0.9863,0,0,0.0456,0,1]},
{"frame":52,"values":[1,0,0,0,0,0.9861,0.1662,0,0,-0.1662,0.9861,0,0,0.0456,0,1]},
{"frame":53,"values":[1,0,0,0,0,0.9859,0.1673,0,0,-0.1673,0.9859,0,0,0.0456,0,1]},
{"frame":54,"values":[1,0,0,0,0,0.9857,0.1682,0,0,-0.1682,0.9857,0,0,0.0456,0,1]},
{"frame":55,"values":[1,0,0,0,0,0.9856,0.1691,0,0,-0.1691,0.9856,0,0,0.0456,0,1]},
{"frame":56,"values":[1,0,0,0,0,0.9855,0.1699,0,0,-0.1699,0.9855,0,0,0.0456,0,1]},
{"frame":57,"values":[1,0,0,0,0,0.9853,0.1706,0,0,-0.1706,0.9853,0,0,0.0456,0,1]},
{"frame":58,"values":[1,0,0,0,0,0.9852,0.1713,0,0,-0.1713,0.9852,0,0,0.0456,0,1]},
{"frame":59,"values":[1,0,0,0,0,0.9851,0.1718,0,0,-0.1718,0.9851,0,0,0.0456,0,1]},
{"frame":60,"values":[1,0,0,0,0,0.985,0.1723,0,0,-0.1723,0.985,0,0,0.0456,0,1]},
{"frame":61,"values":[1,0,0,0,0,0.985,0.1727,0,0,-0.1727,0.985,0,0,0.0456,0,1]},
{"frame":62,"values":[1,0,0,0,0,0.9849,0.1731,0,0,-0.1731,0.9849,0,0,0.0456,0,1]},
{"frame":63,"values":[1,0,0,0,0,0.9849,0.1734,0,0,-0.1734,0.9849,0,0,0.0456,0,1]},
{"frame":64,"values":[1,0,0,0,0,0.9848,0.1735,0,0,-0.1735,0.9848,0,0,0.0456,0,1]},
{"frame":65,"values":[1,0,0,0,0,0.9848,0.1737,0,0,-0.1737,0.9848,0,0,0.0456,0,1]},
{"frame":67,"values":[1,0,0,0,0,0.9848,0.1736,0,0,-0.1736,0.9848,0,0,0.0456,0,1]},
{"frame":68,"values":[1,0,0,0,0,0.9848,0.1735,0,0,-0.1735,0.9848,0,0,0.0456,0,1]},
{"frame":69,"values":[1,0,0,0,0,0.9849,0.1733,0,0,-0.1733,0.9849,0,0,0.0456,0,1]},
{"frame":70,"values":[1,0,0,0,0,0.9849,0.173,0,0,-0.173,0.9849,0,0,0.0456,0,1]},
{"frame":71,"values":[1,0,0,0,0,0.985,0.1727,0,0,-0.1727,0.985,0,0,0.0456,0,1]},
{"frame":72,"values":[1,0,0,0,0,0.9851,0.1722,0,0,-0.1722,0.9851,0,0,0.0456,0,1]},
{"frame":73,"values":[1,0,0,0,0,0.9852,0.1716,0,0,-0.1716,0.9852,0,0,0.0456,0,1]},
{"frame":74,"values":[1,0,0,0,0,0.9853,0.171,0,0,-0.171,0.9853,0,0,0.0456,0,1]},
{"frame":75,"values":[1,0,0,0,0,0.9854,0.1703,0,0,-0.1703,0.9854,0,0,0.0456,0,1]},
{"frame":76,"values":[1,0,0,0,0,0.9855,0.1695,0,0,-0.1695,0.9855,0,0,0.0456,0,1]},
{"frame":77,"values":[1,0,0,0,0,0.9857,0.1686,0,0,-0.1686,0.9857,0,0,0.0456,0,1]},
{"frame":78,"values":[1,0,0,0,0,0.9858,0.1677,0,0,-0.1677,0.9858,0,0,0.0456,0,1]},
{"frame":79,"values":[1,0,0,0,0,0.986,0.1666,0,0,-0.1666,0.986,0,0,0.0456,0,1]},
{"frame":80,"values":[1,0,0,0,0,0.9862,0.1655,0,0,-0.1655,0.9862,0,0,0.0456,0,1]},
{"frame":81,"values":[1,0,0,0,0,0.9864,0.1643,0,0,-0.1643,0.9864,0,0,0.0456,0,1]},
{"frame":82,"values":[1,0,0,0,0,0.9866,0.1631,0,0,-0.1631,0.9866,0,0,0.0456,0,1]},
{"frame":83,"values":[1,0,0,0,0,0.9868,0.1617,0,0,-0.1617,0.9868,0,0,0.0456,0,1]},
{"frame":84,"values":[1,0,0,0,0,0.9871,0.1603,0,0,-0.1603,0.9871,0,0,0.0456,0,1]},
{"frame":85,"values":[1,0,0,0,0,0.9873,0.1588,0,0,-0.1588,0.9873,0,0,0.0456,0,1]},
{"frame":86,"values":[1,0,0,0,0,0.9876,0.1573,0,0,-0.1573,0.9876,0,0,0.0456,0,1]},
{"frame":87,"values":[1,0,0,0,0,0.9878,0.1557,0,0,-0.1557,0.9878,0,0,0.0456,0,1]},
{"frame":88,"values":[1,0,0,0,0,0.9881,0.154,0,0,-0.154,0.9881,0,0,0.0456,0,1]},
{"frame":89,"values":[1,0,0,0,0,0.9883,0.1523,0,0,-0.1523,0.9883,0,0,0.0456,0,1]},
{"frame":90,"values":[1,0,0,0,0,0.9886,0.1506,0,0,-0.1506,0.9886,0,0,0.0456,0,1]},
{"frame":91,"values":[1,0,0,0,0,0.9889,0.1488,0,0,-0.1488,0.9889,0,0,0.0456,0,1]},
{"frame":92,"values":[1,0,0,0,0,0.9891,0.147,0,0,-0.147,0.9891,0,0,0.0456,0,1]},
{"frame":93,"values":[1,0,0,0,0,0.9894,0.1451,0,0,-0.1451,0.9894,0,0,0.0456,0,1]},
{"frame":94,"values":[1,0,0,0,0,0.9897,0.1432,0,0,-0.1432,0.9897,0,0,0.0456,0,1]},
{"frame":95,"values":[1,0,0,0,0,0.99,0.1413,0,0,-0.1413,0.99,0,0,0.0456,0,1]},
{"frame":96,"values":[1,0,0,0,0,0.9902,0.1394,0,0,-0.1394,0.9902,0,0,0.0456,0,1]},
{"frame":97,"values":[1,0,0,0,0,0.9905,0.1375,0,0,-0.1375,0.9905,0,0,0.0456,0,1]},
{"frame":98,"values":[1,0,0,0,0,0.9908,0.1356,0,0,-0.1356,0.9908,0,0,0.0456,0,1]},
{"frame":99,"values":[1,0,0,0,0,0.991,0.1336,0,0,-0.1336,0.991,0,0,0.0456,0,1]},
{"frame":100,"values":[1,0,0,0,0,0.9913,0.1317,0,0,-0.1317,0.9913,0,0,0.0456,0,1]},
{"frame":101,"values":[1,0,0,0,0,0.9915,0.1299,0,0,-0.1299,0.9915,0,0,0.0456,0,1]},
{"frame":102,"values":[1,0,0,0,0,0.9918,0.128,0,0,-0.128,0.9918,0,0,0.0456,0,1]},
{"frame":103,"values":[1,0,0,0,0,0.992,0.1262,0,0,-0.1262,0.992,0,0,0.0456,0,1]},
{"frame":104,"values":[1,0,0,0,0,0.9922,0.1244,0,0,-0.1244,0.9922,0,0,0.0456,0,1]},
{"frame":105,"values":[1,0,0,0,0,0.9925,0.1226,0,0,-0.1226,0.9925,0,0,0.0456,0,1]},
{"frame":106,"values":[1,0,0,0,0,0.9927,0.1209,0,0,-0.1209,0.9927,0,0,0.0456,0,1]},
{"frame":107,"values":[1,0,0,0,0,0.9929,0.1192,0,0,-0.1192,0.9929,0,0,0.0456,0,1]},
{"frame":108,"values":[1,0,0,0,0,0.9931,0.1176,0,0,-0.1176,0.9931,0,0,0.0456,0,1]},
{"frame":109,"values":[1,0,0,0,0,0.9932,0.1161,0,0,-0.1161,0.9932,0,0,0.0456,0,1]},
{"frame":110,"values":[1,0,0,0,0,0.9934,0.1146,0,0,-0.1146,0.9934,0,0,0.0456,0,1]},
{"frame":111,"values":[1,0,0,0,0,0.9936,0.1132,0,0,-0.1132,0.9936,0,0,0.0456,0,1]},
{"frame":112,"values":[1,0,0,0,0,0.9937,0.1118,0,0,-0.1118,0.9937,0,0,0.0456,0,1]},
{"frame":113,"values":[1,0,0,0,0,0.9939,0.1105,0,0,-0.1105,0.9939,0,0,0.0456,0,1]},
{"frame":114,"values":[1,0,0,0,0,0.994,0.1093,0,0,-0.1093,0.994,0,0,0.0456,0,1]},
{"frame":115,"values":[1,0,0,0,0,0.9941,0.1082,0,0,-0.1082,0.9941,0,0,0.0456,0,1]},
{"frame":116,"values":[1,0,0,0,0,0.9942,0.1072,0,0,-0.1072,0.9942,0,0,0.0456,0,1]},
{"frame":117,"values":[1,0,0,0,0,0.9943,0.1062,0,0,-0.1062,0.9943,0,0,0.0456,0,1]},
{"frame":118,"values":[1,0,0,0,0,0.9944,0.1053,0,0,-0.1053,0.9944,0,0,0.0456,0,1]},
{"frame":119,"values":[1,0,0,0,0,0.9945,0.1045,0,0,-0.1045,0.9945,0,0,0.0456,0,1]},
{"frame":120,"values":[1,0,0,0,0,0.9946,0.1038,0,0,-0.1038,0.9946,0,0,0.0456,0,1]},
{"frame":121,"values":[1,0,0,0,0,0.9947,0.1032,0,0,-0.1032,0.9947,0,0,0.0456,0,1]},
{"frame":122,"values":[1,0,0,0,0,0.9947,0.1026,0,0,-0.1026,0.9947,0,0,0.0456,0,1]},
{"frame":123,"values":[1,0,0,0,0,0.9948,0.1021,0,0,-0.1021,0.9948,0,0,0.0456,0,1]},
{"frame":124,"values":[1,0,0,0,0,0.9948,0.1018,0,0,-0.1018,0.9948,0,0,0.0456,0,1]},
{"frame":125,"values":[1,0,0,0,0,0.9948,0.1015,0,0,-0.1015,0.9948,0,0,0.0456,0,1]},
{"frame":126,"values":[1,0,0,0,0,0.9949,0.1013,0,0,-0.1013,0.9949,0,0,0.0456,0,1]},
{"frame":127,"values":[1,0,0,0,0,0.9949,0.1011,0,0,-0.1011,0.9949,0,0,0.0456,0,1]},
{"frame":130,"values":[1,0,0,0,0,0.9949,0.1012,0,0,-0.1012,0.9949,0,0,0.0456,0,1]},
{"frame":131,"values":[1,0,0,0,0,0.9948,0.1014,0,0,-0.1014,0.9948,0,0,0.0456,0,1]},
{"frame":132,"values":[1,0,0,0,0,0.9948,0.1017,0,0,-0.1017,0.9948,0,0,0.0456,0,1]},
{"frame":133,"values":[1,0,0,0,0,0.9948,0.1021,0,0,-0.1021,0.9948,0,0,0.0456,0,1]},
{"frame":134,"values":[1,0,0,0,0,0.9947,0.1025,0,0,-0.1025,0.9947,0,0,0.0456,0,1]},
{"frame":135,"values":[1,0,0,0,0,0.9947,0.103,0,0,-0.103,0.9947,0,0,0.0456,0,1]},
{"frame":136,"values":[1,0,0,0,0,0.9946,0.1035,0,0,-0.1035,0.9946,0,0,0.0456,0,1]},
{"frame":137,"values":[1,0,0,0,0,0.9946,0.1042,0,0,-0.1042,0.9946,0,0,0.0456,0,1]},
{"frame":138,"values":[1,0,0,0,0,0.9945,0.1049,0,0,-0.1049,0.9945,0,0,0.0456,0,1]},
{"frame":139,"values":[1,0,0,0,0,0.9944,0.1057,0,0,-0.1057,0.9944,0,0,0.0456,0,1]},
{"frame":140,"values":[1,0,0,0,0,0.9943,0.1066,0,0,-0.1066,0.9943,0,0,0.0456,0,1]},
{"frame":141,"values":[1,0,0,0,0,0.9942,0.1076,0,0,-0.1076,0.9942,0,0,0.0456,0,1]},
{"frame":142,"values":[1,0,0,0,0,0.9941,0.1086,0,0,-0.1086,0.9941,0,0,0.0456,0,1]},
{"frame":143,"values":[1,0,0,0,0,0.994,0.1097,0,0,-0.1097,0.994,0,0,0.0456,0,1]},
{"frame":144,"values":[1,0,0,0,0,0.9938,0.1109,0,0,-0.1109,0.9938,0,0,0.0456,0,1]},
{"frame":145,"values":[1,0,0,0,0,0.9937,0.1121,0,0,-0.1121,0.9937,0,0,0.0456,0,1]},
{"frame":146,"values":[1,0,0,0,0,0.9935,0.1134,0,0,-0.1134,0.9935,0,0,0.0456,0,1]},
{"frame":147,"values":[1,0,0,0,0,0.9934,0.1148,0,0,-0.1148,0.9934,0,0,0.0456,0,1]},
{"frame":148,"values":[1,0,0,0,0,0.9932,0.1162,0,0,-0.1162,0.9932,0,0,0.0456,0,1]},
{"frame":149,"values":[1,0,0,0,0,0.9931,0.1177,0,0,-0.1177,0.9931,0,0,0.0456,0,1]},
{"frame":150,"values":[1,0,0,0,0,0.9929,0.1192,0,0,-0.1192,0.9929,0,0,0.0456,0,1]},
{"frame":151,"values":[1,0,0,0,0,0.9927,0.1208,0,0,-0.1208,0.9927,0,0,0.0456,0,1]},
{"frame":152,"values":[1,0,0,0,0,0.9925,0.1224,0,0,-0.1224,0.9925,0,0,0.0456,0,1]},
{"frame":153,"values":[1,0,0,0,0,0.9923,0.1241,0,0,-0.1241,0.9923,0,0,0.0456,0,1]},
{"frame":154,"values":[1,0,0,0,0,0.9921,0.1258,0,0,-0.1258,0.9921,0,0,0.0456,0,1]},
{"frame":155,"values":[1,0,0,0,0,0.9918,0.1275,0,0,-0.1275,0.9918,0,0,0.0456,0,1]},
{"frame":156,"values":[1,0,0,0,0,0.9916,0.1293,0,0,-0.1293,0.9916,0,0,0.0456,0,1]},
{"frame":157,"values":[1,0,0,0,0,0.9914,0.1311,0,0,-0.1311,0.9914,0,0,0.0456,0,1]},
{"frame":158,"values":[1,0,0,0,0,0.9911,0.1329,0,0,-0.1329,0.9911,0,0,0.0456,0,1]},
{"frame":159,"values":[1,0,0,0,0,0.9909,0.1347,0,0,-0.1347,0.9909,0,0,0.0456,0,1]},
{"frame":160,"values":[1,0,0,0,0,0.9906,0.1366,0,0,-0.1366,0.9906,0,0,0.0456,0,1]},
{"frame":161,"values":[1,0,0,0,0,0.9904,0.1384,0,0,-0.1384,0.9904,0,0,0.0456,0,1]},
{"frame":162,"values":[1,0,0,0,0,0.9901,0.1402,0,0,-0.1402,0.9901,0,0,0.0456,0,1]},
{"frame":163,"values":[1,0,0,0,0,0.9899,0.1421,0,0,-0.1421,0.9899,0,0,0.0456,0,1]},
{"frame":164,"values":[1,0,0,0,0,0.9896,0.1439,0,0,-0.1439,0.9896,0,0,0.0456,0,1]},
{"frame":165,"values":[1,0,0,0,0,0.9893,0.1456,0,0,-0.1456,0.9893,0,0,0.0456,0,1]},
{"frame":166,"values":[1,0,0,0,0,0.9891,0.1474,0,0,-0.1474,0.9891,0,0,0.0456,0,1]},
{"frame":167,"values":[1,0,0,0,0,0.9888,0.1491,0,0,-0.1491,0.9888,0,0,0.0456,0,1]},
{"frame":168,"values":[1,0,0,0,0,0.9886,0.1508,0,0,-0.1508,0.9886,0,0,0.0456,0,1]},
{"frame":169,"values":[1,0,0,0,0,0.9883,0.1525,0,0,-0.1525,0.9883,0,0,0.0456,0,1]},
{"frame":170,"values":[1,0,0,0,0,0.988,0.1541,0,0,-0.1541,0.988,0,0,0.0456,0,1]},
{"frame":171,"values":[1,0,0,0,0,0.9878,0.1557,0,0,-0.1557,0.9878,0,0,0.0456,0,1]},
{"frame":172,"values":[1,0,0,0,0,0.9876,0.1572,0,0,-0.1572,0.9876,0,0,0.0456,0,1]},
{"frame":173,"values":[1,0,0,0,0,0.9873,0.1587,0,0,-0.1587,0.9873,0,0,0.0456,0,1]},
{"frame":174,"values":[1,0,0,0,0,0.9871,0.1601,0,0,-0.1601,0.9871,0,0,0.0456,0,1]},
{"frame":175,"values":[1,0,0,0,0,0.9869,0.1615,0,0,-0.1615,0.9869,0,0,0.0456,0,1]},
{"frame":176,"values":[1,0,0,0,0,0.9867,0.1628,0,0,-0.1628,0.9867,0,0,0.0456,0,1]},
{"frame":177,"values":[1,0,0,0,0,0.9865,0.164,0,0,-0.164,0.9865,0,0,0.0456,0,1]},
{"frame":178,"values":[1,0,0,0,0,0.9863,0.1652,0,0,-0.1652,0.9863,0,0,0.0456,0,1]},
{"frame":179,"values":[1,0,0,0,0,0.9861,0.1662,0,0,-0.1662,0.9861,0,0,0.0456,0,1]},
