{"producer":{"name":"Blender","version":"2.78 (sub 0)","exporter_version":"5.1.0","file":"alice.babylon"},
"autoClear":true,"clearColor":[0.0509,0.0509,0.0509],"ambientColor":[0.0331,0.0331,0.0331],"gravity":[0,-9.81,0],
"materials":[{"name":"alice.defaultMaterial","id":"alice.defaultMaterial","ambient":[1,1,1],"diffuse":[1,1,1],"specular":[0,0,0],"emissive":[0,0,0],"specularPower":245,"alpha":1,"backFaceCulling":true,"checkReadyOnlyOnce":false,"maxSimultaneousLights":4, 
"diffuseTexture":{"name":"texture.png","level":1,"hasAlpha":1,"coordinatesMode":0,"uOffset":0,"vOffset":0,"uScale":1,"vScale":1,"uAng":0,"vAng":0,"wAng":0,"wrapU":1,"wrapV":1,"coordinatesIndex":0}}],
"multiMaterials":[],
"skeletons":[{"name":"alice","id":0,"dimensionsAtRest":[0.7323,1.7228,0.248],"bones":[
{"name":"Root","index":0,"matrix":[1,0,0,0,0,1,0,0,0,0,-1,0,0,0.0036,0.0018,1],"rest":[1,0,0,0,0,1,0,0,0,0,-1,0,0,0.0036,0.0018,1],"parentBoneIndex":-1,"length":0.0659
,"animation":{"dataType":3,"framePerSecond":60,"keys":[
{"frame":1,"values":[1,0,0,0,0,1,0,0,0,0,-1,0,0,0.0036,0.0018,1]},
{"frame":253,"values":[1,0,0,0,0,1,0,0,0,0,-1,0,0,0.0036,0.0018,1]},
{"frame":261,"values":[1,0,0,0,0,1,0,0,0,0,-1,0,0,0.0036,0.0018,1]},
{"frame":460,"values":[1,0,0,0,0,1,0,0,0,0,-1,0,0,0.0036,0.0018,1]},
{"frame":471,"values":[1,0,0,0,0,1,0,0,0,0,-1,0,0,0.0036,0.0018,1]},
{"frame":570,"values":[1,0,0,0,0,1,0,0,0,0,-1,0,0,0.0036,0.0018,1]},
{"frame":581,"values":[1,0,0,0,0,1,0,0,0,0,-1,0,0,0.0036,0.0018,1]},
{"frame":613,"values":[1,0,0,0,0,1,0,0,0,0,-1,0,0,0.0036,0.0018,1]},
{"frame":621,"values":[1,0,0,0,0,1,0,0,0,0,-1,0,0,0.0036,0.0018,1]},
{"frame":653,"values":[1,0,0,0,0,1,0,0,0,0,-1,0,0,0.0036,0.0018,1]},
{"frame":661,"values":[1,0,0,0,0,1,0,0,0,0,-1,0,0,0.0036,0.0018,1]},
{"frame":662,"values":[1,0,0,0,0,1,0,0,0,0,-1,0,0,0.0036,0.0018,1]}],"loopBehavior":1,"name":"anim","property":"_matrix"}},
{"name":"pelvis","index":1,"matrix":[1,0,0,0,0,0.0317,0.9995,0,0,-0.9995,0.0317,0,0,0.7715,0.003,1],"rest":[1,0,0,0,0,0.0317,0.9995,0,0,-0.9996,0.0317,0,0,0.7715,0.003,1],"parentBoneIndex":0,"length":0.0573
,"animation":{"dataType":3,"framePerSecond":60,"keys":[
{"frame":1,"values":[1,0,0,0,0,0.0317,0.9995,0,0,-0.9995,0.0317,0,0,0.7843,0.003,1]},
{"frame":5,"values":[1,0,0,0,0,0.0317,0.9995,0,0,-0.9995,0.0317,0,0,0.7842,0.003,1]},
{"frame":7,"values":[1,0,0,0,0,0.0317,0.9995,0,0,-0.9995,0.0317,0,0,0.7841,0.003,1]},
{"frame":8,"values":[1,0,0,0,0,0.0317,0.9995,0,0,-0.9995,0.0317,0,0,0.784,0.003,1]},
{"frame":10,"values":[1,0,0,0,0,0.0317,0.9995,0,0,-0.9995,0.0317,0,0,0.7839,0.003,1]},
{"frame":11,"values":[1,0,0,0,0,0.0317,0.9995,0,0,-0.9995,0.0317,0,0,0.7838,0.003,1]},
{"frame":12,"values":[1,0,0,0,0,0.0317,0.9995,0,0,-0.9995,0.0317,0,0,0.7836,0.003,1]},
{"frame":13,"values":[1,0,0,0,0,0.0317,0.9995,0,0,-0.9995,0.0317,0,0,0.7835,0.003,1]},
{"frame":14,"values":[1,0,0,0,0,0.0317,0.9995,0,0,-0.9995,0.0317,0,0,0.7834,0.003,1]},
{"frame":15,"values":[1,0,0,0,0,0.0317,0.9995,0,0,-0.9995,0.0317,0,0,0.7832,0.003,1]},
{"frame":16,"values":[1,0,0,0,0,0.0317,0.9995,0,0,-0.9995,0.0317,0,0,0.7831,0.003,1]},
{"frame":17,"values":[1,0,0,0,0,0.0317,0.9995,0,0,-0.9995,0.0317,0,0,0.7829,0.003,1]},
{"frame":18,"values":[1,0,0,0,0,0.0317,0.9995,0,0,-0.9995,0.0317,0,0,0.7827,0.003,1]},
{"frame":19,"values":[1,0,0,0,0,0.0317,0.9995,0,0,-0.9995,0.0317,0,0,0.7825,0.003,1]},
{"frame":20,"values":[1,0,0,0,0,0.0317,0.9995,0,0,-0.9995,0.0317,0,0,0.7823,0.003,1]},
{"frame":21,"values":[1,0,0,0,0,0.0317,0.9995,0,0,-0.9995,0.0317,0,0,0.7821,0.003,1]},
{"frame":22,"values":[1,0,0,0,0,0.0317,0.9995,0,0,-0.9995,0.0317,0,0,0.7819,0.003,1]},
{"frame":23,"values":[1,0,0,0,0,0.0317,0.9995,0,0,-0.9995,0.0317,0,0,0.7817,0.003,1]},
{"frame":24,"values":[1,0,0,0,0,0.0317,0.9995,0,0,-0.9995,0.0317,0,0,0.7815,0.003,1]},
{"frame":25,"values":[1,0,0,0,0,0.0317,0.9995,0,0,-0.9995,0.0317,0,0,0.7812,0.003,1]},
{"frame":26,"values":[1,0,0,0,0,0.0317,0.9995,0,0,-0.9995,0.0317,0,0,0.781,0.003,1]},
{"frame":27,"values":[1,0,0,0,0,0.0317,0.9995,0,0,-0.9995,0.0317,0,0,0.7807,0.003,1]},
{"frame":28,"values":[1,0,0,0,0,0.0317,0.9995,0,0,-0.9995,0.0317,0,0,0.7805,0.003,1]},
{"frame":29,"values":[1,0,0,0,0,0.0317,0.9995,0,0,-0.9995,0.0317,0,0,0.7802,0.003,1]},
{"frame":30,"values":[1,0,0,0,0,0.0317,0.9995,0,0,-0.9995,0.0317,0,0,0.78,0.003,1]},
{"frame":31,"values":[1,0,0,0,0,0.0317,0.9995,0,0,-0.9995,0.0317,0,0,0.7797,0.003,1]},
{"frame":32,"values":[1,0,0,0,0,0.0317,0.9995,0,0,-0.9995,0.0317,0,0,0.7794,0.003,1]},
{"frame":33,"values":[1,0,0,0,0,0.0317,0.9995,0,0,-0.9995,0.0317,0,0,0.7792,0.003,1]},
{"frame":34,"values":[1,0,0,0,0,0.0317,0.9995,0,0,-0.9995,0.0317,0,0,0.7789,0.003,1]},
{"frame":35,"values":[1,0,0,0,0,0.0317,0.9995,0,0,-0.9995,0.0317,0,0,0.7786,0.003,1]},
{"frame":36,"values":[1,0,0,0,0,0.0317,0.9995,0,0,-0.9995,0.0317,0,0,0.7784,0.003,1]},
{"frame":37,"values":[1,0,0,0,0,0.0317,0.9995,0,0,-0.9995,0.0317,0,0,0.7781,0.003,1]},
{"frame":38,"values":[1,0,0,0,0,0.0317,0.9995,0,0,-0.9995,0.0317,0,0,0.7778,0.003,1]},
{"frame":39,"values":[1,0,0,0,0,0.0317,0.9995,0,0,-0.9995,0.0317,0,0,0.7776,0.003,1]},
{"frame":40,"values":[1,0,0,0,0,0.0317,0.9995,0,0,-0.9995,0.0317,0,0,0.7773,0.003,1]},
{"frame":41,"values":[1,0,0,0,0,0.0317,0.9995,0,0,-0.9995,0.0317,0,0,0.7771,0.003,1]},
{"frame":42,"values":[1,0,0,0,0,0.0317,0.9995,0,0,-0.9995,0.0317,0,0,0.7768,0.003,1]},
{"frame":43,"values":[1,0,0,0,0,0.0317,0.9995,0,0,-0.9995,0.0317,0,0,0.7766,0.003,1]},
{"frame":44,"values":[1,0,0,0,0,0.0317,0.9995,0,0,-0.9995,0.0317,0,0,0.7764,0.003,1]},
{"frame":45,"values":[1,0,0,0,0,0.0317,0.9995,0,0,-0.9995,0.0317,0,0,0.7761,0.003,1]},
{"frame":46,"values":[1,0,0,0,0,0.0317,0.9995,0,0,-0.9995,0.0317,0,0,0.7759,0.003,1]},
{"frame":47,"values":[1,0,0,0,0,0.0317,0.9995,0,0,-0.9995,0.0317,0,0,0.7757,0.003,1]},
{"frame":48,"values":[1,0,0,0,0,0.0317,0.9995,0,0,-0.9995,0.0317,0,0,0.7755,0.003,1]},
{"frame":49,"values":[1,0,0,0,0,0.0317,0.9995,0,0,-0.9995,0.0317,0,0,0.7753,0.003,1]},
{"frame":50,"values":[1,0,0,0,0,0.0317,0.9995,0,0,-0.9995,0.0317,0,0,0.7752,0.003,1]},
{"frame":51,"values":[1,0,0,0,0,0.0317,0.9995,0,0,-0.9995,0.0317,0,0,0.775,0.003,1]},
{"frame":52,"values":[1,0,0,0,0,0.0317,0.9995,0,0,-0.9995,0.0317,0,0,0.7748,0.003,1]},
{"frame":53,"values":[1,0,0,0,0,0.0317,0.9995,0,0,-0.9995,0.0317,0,0,0.7747,0.003,1]},
{"frame":54,"values":[1,0,0,0,0,0.0317,0.9995,0,0,-0.9995,0.0317,0,0,0.7745,0.003,1]},
{"frame":55,"values":[1,0,0,0,0,0.0317,0.9995,0,0,-0.9995,0.0317,0,0,0.7744,0.003,1]},
{"frame":56,"values":[1,0,0,0,0,0.0317,0.9995,0,0,-0.9995,0.0317,0,0,0.7743,0.003,1]},
{"frame":57,"values":[1,0,0,0,0,0.0317,0.9995,0,0,-0.9995,0.0317,0,0,0.7742,0.003,1]},
{"frame":58,"values":[1,0,0,0,0,0.0317,0.9995,0,0,-0.9995,0.0317,0,0,0.7741,0.003,1]},
{"frame":59,"values":[1,0,0,0,0,0.0317,0.9995,0,0,-0.9995,0.0317,0,0,0.774,0.003,1]},
{"frame":60,"values":[1,0,0,0,0,0.0317,0.9995,0,0,-0.9995,0.0317,0,0,0.7739,0.003,1]},
{"frame":62,"values":[1,0,0,0,0,0.0317,0.9995,0,0,-0.9995,0.0317,0,0,0.7738,0.003,1]},
{"frame":65,"values":[1,0,0,0,0,0.0317,0.9995,0,0,-0.9995,0.0317,0,0,0.7737,0.003,1]},
{"frame":68,"values":[1,0,0,0,0,0.0317,0.9995,0,0,-0.9995,0.0317,0,0,0.7738,0.003,1]},
{"frame":71,"values":[1,0,0,0,0,0.0317,0.9995,0,0,-0.9995,0.0317,0,0,0.7739,0.003,1]},
{"frame":72,"values":[1,0,0,0,0,0.0317,0.9995,0,0,-0.9995,0.0317,0,0,0.774,0.003,1]},
{"frame":74,"values":[1,0,0,0,0,0.0317,0.9995,0,0,-0.9995,0.0317,0,0,0.7741,0.003,1]},
{"frame":75,"values":[1,0,0,0,0,0.0317,0.9995,0,0,-0.9995,0.0317,0,0,0.7742,0.003,1]},
{"frame":76,"values":[1,0,0,0,0,0.0317,0.9995,0,0,-0.9995,0.0317,0,0,0.7744,0.003,1]},
{"frame":77,"values":[1,0,0,0,0,0.0317,0.9995,0,0,-0.9995,0.0317,0,0,0.7745,0.003,1]},
{"frame":78,"values":[1,0,0,0,0,0.0317,0.9995,0,0,-0.9995,0.0317,0,0,0.7746,0.003,1]},
{"frame":79,"values":[1,0,0,0,0,0.0317,0.9995,0,0,-0.9995,0.0317,0,0,0.7748,0.003,1]},
{"frame":80,"values":[1,0,0,0,0,0.0317,0.9995,0,0,-0.9995,0.0317,0,0,0.7749,0.003,1]},
{"frame":81,"values":[1,0,0,0,0,0.0317,0.9995,0,0,-0.9995,0.0317,0,0,0.7751,0.003,1]},
{"frame":82,"values":[1,0,0,0,0,0.0317,0.9995,0,0,-0.9995,0.0317,0,0,0.7753,0.003,1]},
{"frame":83,"values":[1,0,0,0,0,0.0317,0.9995,0,0,-0.9995,0.0317,0,0,0.7755,0.003,1]},
{"frame":84,"values":[1,0,0,0,0,0.0317,0.9995,0,0,-0.9995,0.0317,0,0,0.7757,0.003,1]},
{"frame":85,"values":[1,0,0,0,0,0.0317,0.9995,0,0,-0.9995,0.0317,0,0,0.7759,0.003,1]},
{"frame":86,"values":[1,0,0,0,0,0.0317,0.9995,0,0,-0.9995,0.0317,0,0,0.7761,0.003,1]},
{"frame":87,"values":[1,0,0,0,0,0.0317,0.9995,0,0,-0.9995,0.0317,0,0,0.7764,0.003,1]},
{"frame":88,"values":[1,0,0,0,0,0.0317,0.9995,0,0,-0.9995,0.0317,0,0,0.7766,0.003,1]},
{"frame":89,"values":[1,0,0,0,0,0.0317,0.9995,0,0,-0.9995,0.0317,0,0,0.7769,0.003,1]},
{"frame":90,"values":[1,0,0,0,0,0.0317,0.9995,0,0,-0.9995,0.0317,0,0,0.7771,0.003,1]},
{"frame":91,"values":[1,0,0,0,0,0.0317,0.9995,0,0,-0.9995,0.0317,0,0,0.7774,0.003,1]},
{"frame":92,"values":[1,0,0,0,0,0.0317,0.9995,0,0,-0.9995,0.0317,0,0,0.7776,0.003,1]},
{"frame":93,"values":[1,0,0,0,0,0.0317,0.9995,0,0,-0.9995,0.0317,0,0,0.7779,0.003,1]},
{"frame":94,"values":[1,0,0,0,0,0.0317,0.9995,0,0,-0.9995,0.0317,0,0,0.7782,0.003,1]},
{"frame":95,"values":[1,0,0,0,0,0.0317,0.9995,0,0,-0.9995,0.0317,0,0,0.7785,0.003,1]},
{"frame":96,"values":[1,0,0,0,0,0.0317,0.9995,0,0,-0.9995,0.0317,0,0,0.7787,0.003,1]},
{"frame":97,"values":[1,0,0,0,0,0.0317,0.9995,0,0,-0.9995,0.0317,0,0,0.779,0.003,1]},
{"frame":98,"values":[1,0,0,0,0,0.0317,0.9995,0,0,-0.9995,0.0317,0,0,0.7793,0.003,1]},
{"frame":99,"values":[1,0,0,0,0,0.0317,0.9995,0,0,-0.9995,0.0317,0,0,0.7796,0.003,1]},
{"frame":100,"values":[1,0,0,0,0,0.0317,0.9995,0,0,-0.9995,0.0317,0,0,0.7799,0.003,1]},
{"frame":101,"values":[1,0,0,0,0,0.0317,0.9995,0,0,-0.9995,0.0317,0,0,0.7801,0.003,1]},
{"frame":102,"values":[1,0,0,0,0,0.0317,0.9995,0,0,-0.9995,0.0317,0,0,0.7804,0.003,1]},
{"frame":103,"values":[1,0,0,0,0,0.0317,0.9995,0,0,-0.9995,0.0317,0,0,0.7807,0.003,1]},
{"frame":104,"values":[1,0,0,0,0,0.0317,0.9995,0,0,-0.9995,0.0317,0,0,0.7809,0.003,1]},
{"frame":105,"values":[1,0,0,0,0,0.0317,0.9995,0,0,-0.9995,0.0317,0,0,0.7812,0.003,1]},
{"frame":106,"values":[1,0,0,0,0,0.0317,0.9995,0,0,-0.9995,0.0317,0,0,0.7814,0.003,1]},
{"frame":107,"values":[1,0,0,0,0,0.0317,0.9995,0,0,-0.9995,0.0317,0,0,0.7817,0.003,1]},
{"frame":108,"values":[1,0,0,0,0,0.0317,0.9995,0,0,-0.9995,0.0317,0,0,0.7819,0.003,1]},
{"frame":109,"values":[1,0,0,0,0,0.0317,0.9995,0,0,-0.9995,0.0317,0,0,0.7821,0.003,1]},
{"frame":110,"values":[1,0,0,0,0,0.0317,0.9995,0,0,-0.9995,0.0317,0,0,0.7824,0.003,1]},
{"frame":111,"values":[1,0,0,0,0,0.0317,0.9995,0,0,-0.9995,0.0317,0,0,0.7826,0.003,1]},
{"frame":112,"values":[1,0,0,0,0,0.0317,0.9995,0,0,-0.9995,0.0317,0,0,0.7828,0.003,1]},
{"frame":113,"values":[1,0,0,0,0,0.0317,0.9995,0,0,-0.9995,0.0317,0,0,0.7829,0.003,1]},
{"frame":114,"values":[1,0,0,0,0,0.0317,0.9995,0,0,-0.9995,0.0317,0,0,0.7831,0.003,1]},
{"frame":115,"values":[1,0,0,0,0,0.0317,0.9995,0,0,-0.9995,0.0317,0,0,0.7833,0.003,1]},
{"frame":116,"values":[1,0,0,0,0,0.0317,0.9995,0,0,-0.9995,0.0317,0,0,0.7834,0.003,1]},
{"frame":117,"values":[1,0,0,0,0,0.0317,0.9995,0,0,-0.9995,0.0317,0,0,0.7836,0.003,1]},
{"frame":118,"values":[1,0,0,0,0,0.0317,0.9995,0,0,-0.9995,0.0317,0,0,0.7837,0.003,1]},
{"frame":119,"values":[1,0,0,0,0,0.0317,0.9995,0,0,-0.9995,0.0317,0,0,0.7838,0.003,1]},
{"frame":120,"values":[1,0,0,0,0,0.0317,0.9995,0,0,-0.9995,0.0317,0,0,0.7839,0.003,1]},
{"frame":121,"values":[1,0,0,0,0,0.0317,0.9995,0,0,-0.9995,0.0317,0,0,0.784,0.003,1]},
{"frame":122,"values":[1,0,0,0,0,0.0317,0.9995,0,0,-0.9995,0.0317,0,0,0.7841,0.003,1]},
{"frame":123,"values":[1,0,0,0,0,0.0317,0.9995,0,0,-0.9995,0.0317,0,0,0.7842,0.003,1]},
{"frame":125,"values":[1,0,0,0,0,0.0317,0.9995,0,0,-0.9995,0.0317,0,0,0.7843,0.003,1]},
{"frame":132,"values":[1,0,0,0,0,0.0317,0.9995,0,0,-0.9995,0.0317,0,0,0.7842,0.003,1]},
{"frame":134,"values":[1,0,0,0,0,0.0317,0.9995,0,0,-0.9995,0.0317,0,0,0.7841,0.003,1]},
{"frame":135,"values":[1,0,0,0,0,0.0317,0.9995,0,0,-0.9995,0.0317,0,0,0.784,0.003,1]},
{"frame":137,"values":[1,0,0,0,0,0.0317,0.9995,0,0,-0.9995,0.0317,0,0,0.7839,0.003,1]},
{"frame":138,"values":[1,0,0,0,0,0.0317,0.9995,0,0,-0.9995,0.0317,0,0,0.7838,0.003,1]},
{"frame":139,"values":[1,0,0,0,0,0.0317,0.9995,0,0,-0.9995,0.0317,0,0,0.7836,0.003,1]},
{"frame":140,"values":[1,0,0,0,0,0.0317,0.9995,0,0,-0.9995,0.0317,0,0,0.7835,0.003,1]},
{"frame":141,"values":[1,0,0,0,0,0.0317,0.9995,0,0,-0.9995,0.0317,0,0,0.7834,0.003,1]},
{"frame":142,"values":[1,0,0,0,0,0.0317,0.9995,0,0,-0.9995,0.0317,0,0,0.7832,0.003,1]},
{"frame":143,"values":[1,0,0,0,0,0.0317,0.9995,0,0,-0.9995,0.0317,0,0,0.7831,0.003,1]},
{"frame":144,"values":[1,0,0,0,0,0.0317,0.9995,0,0,-0.9995,0.0317,0,0,0.7829,0.003,1]},
{"frame":145,"values":[1,0,0,0,0,0.0317,0.9995,0,0,-0.9995,0.0317,0,0,0.7827,0.003,1]},
{"frame":146,"values":[1,0,0,0,0,0.0317,0.9995,0,0,-0.9995,0.0317,0,0,0.7825,0.003,1]},
{"frame":147,"values":[1,0,0,0,0,0.0317,0.9995,0,0,-0.9995,0.0317,0,0,0.7823,0.003,1]},
{"frame":148,"values":[1,0,0,0,0,0.0317,0.9995,0,0,-0.9995,0.0317,0,0,0.7821,0.003,1]},
{"frame":149,"values":[1,0,0,0,0,0.0317,0.9995,0,0,-0.9995,0.0317,0,0,0.7819,0.003,1]},
{"frame":150,"values":[1,0,0,0,0,0.0317,0.9995,0,0,-0.9995,0.0317,0,0,0.7817,0.003,1]},
{"frame":151,"values":[1,0,0,0,0,0.0317,0.9995,0,0,-0.9995,0.0317,0,0,0.7815,0.003,1]},
{"frame":152,"values":[1,0,0,0,0,0.0317,0.9995,0,0,-0.9995,0.0317,0,0,0.7812,0.003,1]},
{"frame":153,"values":[1,0,0,0,0,0.0317,0.9995,0,0,-0.9995,0.0317,0,0,0.781,0.003,1]},
{"frame":154,"values":[1,0,0,0,0,0.0317,0.9995,0,0,-0.9995,0.0317,0,0,0.7807,0.003,1]},
{"frame":155,"values":[1,0,0,0,0,0.0317,0.9995,0,0,-0.9995,0.0317,0,0,0.7805,0.003,1]},
{"frame":156,"values":[1,0,0,0,0,0.0317,0.9995,0,0,-0.9995,0.0317,0,0,0.7802,0.003,1]},
{"frame":157,"values":[1,0,0,0,0,0.0317,0.9995,0,0,-0.9995,0.0317,0,0,0.78,0.003,1]},
{"frame":158,"values":[1,0,0,0,0,0.0317,0.9995,0,0,-0.9995,0.0317,0,0,0.7797,0.003,1]},
{"frame":159,"values":[1,0,0,0,0,0.0317,0.9995,0,0,-0.9995,0.0317,0,0,0.7794,0.003,1]},
{"frame":160,"values":[1,0,0,0,0,0.0317,0.9995,0,0,-0.9995,0.0317,0,0,0.7792,0.003,1]},
{"frame":161,"values":[1,0,0,0,0,0.0317,0.9995,0,0,-0.9995,0.0317,0,0,0.7789,0.003,1]},
{"frame":162,"values":[1,0,0,0,0,0.0317,0.9995,0,0,-0.9995,0.0317,0,0,0.7786,0.003,1]},
{"frame":163,"values":[1,0,0,0,0,0.0317,0.9995,0,0,-0.9995,0.0317,0,0,0.7784,0.003,1]},
{"frame":164,"values":[1,0,0,0,0,0.0317,0.9995,0,0,-0.9995,0.0317,0,0,0.7781,0.003,1]},
{"frame":165,"values":[1,0,0,0,0,0.0317,0.9995,0,0,-0.9995,0.0317,0,0,0.7778,0.003,1]},
{"frame":166,"values":[1,0,0,0,0,0.0317,0.9995,0,0,-0.9995,0.0317,0,0,0.7776,0.003,1]},
{"frame":167,"values":[1,0,0,0,0,0.0317,0.9995,0,0,-0.9995,0.0317,0,0,0.7773,0.003,1]},
{"frame":168,"values":[1,0,0,0,0,0.0317,0.9995,0,0,-0.9995,0.0317,0,0,0.7771,0.003,1]},
{"frame":169,"values":[1,0,0,0,0,0.0317,0.9995,0,0,-0.9995,0.0317,0,0,0.7768,0.003,1]},
{"frame":170,"values":[1,0,0,0,0,0.0317,0.9995,0,0,-0.9995,0.0317,0,0,0.7766,0.003,1]},
{"frame":171,"values":[1,0,0,0,0,0.0317,0.9995,0,0,-0.9995,0.0317,0,0,0.7764,0.003,1]},
{"frame":172,"values":[1,0,0,0,0,0.0317,0.9995,0,0,-0.9995,0.0317,0,0,0.7761,0.003,1]},
{"frame":173,"values":[1,0,0,0,0,0.0317,0.9995,0,0,-0.9995,0.0317,0,0,0.7759,0.003,1]},
{"frame":174,"values":[1,0,0,0,0,0.0317,0.9995,0,0,-0.9995,0.0317,0,0,0.7757,0.003,1]},
{"frame":175,"values":[1,0,0,0,0,0.0317,0.9995,0,0,-0.9995,0.0317,0,0,0.7755,0.003,1]},
{"frame":176,"values":[1,0,0,0,0,0.0317,0.9995,0,0,-0.9995,0.0317,0,0,0.7753,0.003,1]},
{"frame":177,"values":[1,0,0,0,0,0.0317,0.9995,0,0,-0.9995,0.0317,0,0,0.7752,0.003,1]},
{"frame":178,"values":[1,0,0,0,0,0.0317,0.9995,0,0,-0.9995,0.0317,0,0,0.775,0.003,1]},
{"frame":179,"values":[1,0,0,0,0,0.0317,0.9995,0,0,-0.9995,0.0317,0,0,0.7748,0.003,1]},
{"frame":180,"values":[1,0,0,0,0,0.0317,0.9995,0,0,-0.9995,0.0317,0,0,0.7747,0.003,1]},
{"frame":181,"values":[1,0,0,0,0,0.0317,0.9995,0,0,-0.9995,0.0317,0,0,0.7745,0.003,1]},
{"frame":182,"values":[1,0,0,0,0,0.0317,0.9995,0,0,-0.9995,0.0317,0,0,0.7744,0.003,1]},
{"frame":183,"values":[1,0,0,0,0,0.0317,0.9995,0,0,-0.9995,0.0317,0,0,0.7743,0.003,1]},
{"frame":184,"values":[1,0,0,0,0,0.0317,0.9995,0,0,-0.9995,0.0317,0,0,0.7742,0.003,1]},
{"frame":185,"values":[1,0,0,0,0,0.0317,0.9995,0,0,-0.9995,0.0317,0,0,0.7741,0.003,1]},
{"frame":186,"values":[1,0,0,0,0,0.0317,0.9995,0,0,-0.9995,0.0317,0,0,0.774,0.003,1]},
{"frame":187,"values":[1,0,0,0,0,0.0317,0.9995,0,0,-0.9995,0.0317,0,0,0.7739,0.003,1]},
{"frame":189,"values":[1,0,0,0,0,0.0317,0.9995,0,0,-0.9995,0.0317,0,0,0.7738,0.003,1]},
{"frame":192,"values":[1,0,0,0,0,0.0317,0.9995,0,0,-0.9995,0.0317,0,0,0.7737,0.003,1]},
{"frame":195,"values":[1,0,0,0,0,0.0317,0.9995,0,0,-0.9995,0.0317,0,0,0.7738,0.003,1]},
{"frame":198,"values":[1,0,0,0,0,0.0317,0.9995,0,0,-0.9995,0.0317,0,0,0.7739,0.003,1]},
{"frame":199,"values":[1,0,0,0,0,0.0317,0.9995,0,0,-0.9995,0.0317,0,0,0.774,0.003,1]},
{"frame":200,"values":[1,0,0,0,0,0.0317,0.9995,0,0,-0.9995,0.0317,0,0,0.7741,0.003,1]},
{"frame":201,"values":[1,0,0,0,0,0.0317,0.9995,0,0,-0.9995,0.0317,0,0,0.7742,0.003,1]},
{"frame":202,"values":[1,0,0,0,0,0.0317,0.9995,0,0,-0.9995,0.0317,0,0,0.7743,0.003,1]},
{"frame":203,"values":[1,0,0,0,0,0.0317,0.9995,0,0,-0.9995,0.0317,0,0,0.7744,0.003,1]},
{"frame":204,"values":[1,0,0,0,0,0.0317,0.9995,0,0,-0.9995,0.0317,0,0,0.7745,0.003,1]},
{"frame":205,"values":[1,0,0,0,0,0.0317,0.9995,0,0,-0.9995,0.0317,0,0,0.7747,0.003,1]},
{"frame":206,"values":[1,0,0,0,0,0.0317,0.9995,0,0,-0.9995,0.0317,0,0,0.7748,0.003,1]},
{"frame":207,"values":[1,0,0,0,0,0.0317,0.9995,0,0,-0.9995,0.0317,0,0,0.775,0.003,1]},
{"frame":208,"values":[1,0,0,0,0,0.0317,0.9995,0,0,-0.9995,0.0317,0,0,0.7752,0.003,1]},
{"frame":209,"values":[1,0,0,0,0,0.0317,0.9995,0,0,-0.9995,0.0317,0,0,0.7754,0.003,1]},
{"frame":210,"values":[1,0,0,0,0,0.0317,0.9995,0,0,-0.9995,0.0317,0,0,0.7756,0.003,1]},
{"frame":211,"values":[1,0,0,0,0,0.0317,0.9995,0,0,-0.9995,0.0317,0,0,0.7758,0.003,1]},
{"frame":212,"values":[1,0,0,0,0,0.0317,0.9995,0,0,-0.9995,0.0317,0,0,0.7761,0.003,1]},
{"frame":213,"values":[1,0,0,0,0,0.0317,0.9995,0,0,-0.9995,0.0317,0,0,0.7763,0.003,1]},
{"frame":214,"values":[1,0,0,0,0,0.0317,0.9995,0,0,-0.9995,0.0317,0,0,0.7765,0.003,1]},
{"frame":215,"values":[1,0,0,0,0,0.0317,0.9995,0,0,-0.9995,0.0317,0,0,0.7768,0.003,1]},
{"frame":216,"values":[1,0,0,0,0,0.0317,0.9995,0,0,-0.9995,0.0317,0,0,0.7771,0.003,1]},
{"frame":217,"values":[1,0,0,0,0,0.0317,0.9995,0,0,-0.9995,0.0317,0,0,0.7773,0.003,1]},
{"frame":218,"values":[1,0,0,0,0,0.0317,0.9995,0,0,-0.9995,0.0317,0,0,0.7776,0.003,1]},
{"frame":219,"values":[1,0,0,0,0,0.0317,0.9995,0,0,-0.9995,0.0317,0,0,0.7779,0.003,1]},
{"frame":220,"values":[1,0,0,0,0,0.0317,0.9995,0,0,-0.9995,0.0317,0,0,0.7782,0.003,1]},
{"frame":221,"values":[1,0,0,0,0,0.0317,0.9995,0,0,-0.9995,0.0317,0,0,0.7784,0.003,1]},
{"frame":222,"values":[1,0,0,0,0,0.0317,0.9995,0,0,-0.9995,0.0317,0,0,0.7787,0.003,1]},
{"frame":223,"values":[1,0,0,0,0,0.0317,0.9995,0,0,-0.9995,0.0317,0,0,0.779,0.003,1]},
{"frame":224,"values":[1,0,0,0,0,0.0317,0.9995,0,0,-0.9995,0.0317,0,0,0.7793,0.003,1]},
{"frame":225,"values":[1,0,0,0,0,0.0317,0.9995,0,0,-0.9995,0.0317,0,0,0.7796,0.003,1]},
{"frame":226,"values":[1,0,0,0,0,0.0317,0.9995,0,0,-0.9995,0.0317,0,0,0.7799,0.003,1]},
{"frame":227,"values":[1,0,0,0,0,0.0317,0.9995,0,0,-0.9995,0.0317,0,0,0.7802,0.003,1]},
{"frame":228,"values":[1,0,0,0,0,0.0317,0.9995,0,0,-0.9995,0.0317,0,0,0.7804,0.003,1]},
{"frame":229,"values":[1,0,0,0,0,0.0317,0.9995,0,0,-0.9995,0.0317,0,0,0.7807,0.003,1]},
{"frame":230,"values":[1,0,0,0,0,0.0317,0.9995,0,0,-0.9995,0.0317,0,0,0.781,0.003,1]},
{"frame":231,"values":[1,0,0,0,0,0.0317,0.9995,0,0,-0.9995,0.0317,0,0,0.7813,0.003,1]},
{"frame":232,"values":[1,0,0,0,0,0.0317,0.9995,0,0,-0.9995,0.0317,0,0,0.7815,0.003,1]},
{"frame":233,"values":[1,0,0,0,0,0.0317,0.9995,0,0,-0.9995,0.0317,0,0,0.7818,0.003,1]},
{"frame":234,"values":[1,0,0,0,0,0.0317,0.9995,0,0,-0.9995,0.0317,0,0,0.782,0.003,1]},
{"frame":235,"values":[1,0,0,0,0,0.0317,0.9995,0,0,-0.9995,0.0317,0,0,0.7822,0.003,1]},
{"frame":236,"values":[1,0,0,0,0,0.0317,0.9995,0,0,-0.9995,0.0317,0,0,0.7824,0.003,1]},
{"frame":237,"values":[1,0,0,0,0,0.0317,0.9995,0,0,-0.9995,0.0317,0,0,0.7826,0.003,1]},
{"frame":238,"values":[1,0,0,0,0,0.0317,0.9995,0,0,-0.9995,0.0317,0,0,0.7828,0.003,1]},
{"frame":239,"values":[1,0,0,0,0,0.0317,0.9995,0,0,-0.9995,0.0317,0,0,0.783,0.003,1]},
{"frame":240,"values":[1,0,0,0,0,0.0317,0.9995,0,0,-0.9995,0.0317,0,0,0.7832,0.003,1]},
{"frame":241,"values":[1,0,0,0,0,0.0317,0.9995,0,0,-0.9995,0.0317,0,0,0.7834,0.003,1]},
{"frame":242,"values":[1,0,0,0,0,0.0317,0.9995,0,0,-0.9995,0.0317,0,0,0.7835,0.003,1]},
{"frame":243,"values":[1,0,0,0,0,0.0317,0.9995,0,0,-0.9995,0.0317,0,0,0.7837,0.003,1]},
{"frame":244,"values":[1,0,0,0,0,0.0317,0.9995,0,0,-0.9995,0.0317,0,0,0.7838,0.003,1]},
{"frame":245,"values":[1,0,0,0,0,0.0317,0.9995,0,0,-0.9995,0.0317,0,0,0.7839,0.003,1]},
{"frame":246,"values":[1,0,0,0,0,0.0317,0.9995,0,0,-0.9995,0.0317,0,0,0.784,0.003,1]},
{"frame":247,"values":[1,0,0,0,0,0.0317,0.9995,0,0,-0.9995,0.0317,0,0,0.7841,0.003,1]},
{"frame":249,"values":[1,0,0,0,0,0.0317,0.9995,0,0,-0.9995,0.0317,0,0,0.7842,0.003,1]},
{"frame":251,"values":[1,0,0,0,0,0.0317,0.9995,0,0,-0.9995,0.0317,0,0,0.7843,0.003,1]},
{"frame":253,"values":[1,0,0,0,0,0.0317,0.9995,0,0,-0.9995,0.0317,0,0,0.7843,0.003,1]},
{"frame":261,"values":[1,0,0,0,0,0.0317,0.9995,0,0,-0.9995,0.0317,0,0,0.7843,0.003,1]},
{"frame":460,"values":[1,0,0,0,0,0.0317,0.9995,0,0,-0.9995,0.0317,0,0,0.7843,0.003,1]},
{"frame":471,"values":[1,0,0,0,0,0.0317,0.9995,0,0,-0.9995,0.0317,0,0,0.7843,0.003,1]},
{"frame":472,"values":[1,0,0,0,0,0.0317,0.9995,0,0,-0.9995,0.0317,0,0,0.7645,0.003,1]},
{"frame":473,"values":[1,0,0,0,0,0.0317,0.9995,0,0,-0.9995,0.0317,0,0,0.7059,0.003,1]},
{"frame":474,"values":[1,0,0,0,0,0.0317,0.9995,0,0,-0.9995,0.0317,0,0,0.6165,0.003,1]},
{"frame":475,"values":[1,0,0,0,0,0.0317,0.9995,0,0,-0.9995,0.0317,0,0,0.5149,0.003,1]},
{"frame":476,"values":[1,0,0,0,0,0.0317,0.9995,0,0,-0.9995,0.0317,0,0,0.425,0.003,1]},
{"frame":477,"values":[1,0,0,0,0,0.0317,0.9995,0,0,-0.9995,0.0317,0,0,0.3656,0.003,1]},
{"frame":478,"values":[1,0,0,0,0,0.0317,0.9995,0,0,-0.9995,0.0317,0,0,0.3448,0.003,1]},
{"frame":479,"values":[1,0,0,0,0,0.0317,0.9995,0,0,-0.9995,0.0317,0,0,0.3437,0.003,1]},
{"frame":480,"values":[1,0,0,0,0,0.0317,0.9995,0,0,-0.9995,0.0317,0,0,0.3427,0.003,1]},
{"frame":481,"values":[1,0,0,0,0,0.0317,0.9995,0,0,-0.9995,0.0317,0,0,0.3418,0.003,1]},
{"frame":482,"values":[1,0,0,0,0,0.0317,0.9995,0,0,-0.9995,0.0317,0,0,0.341,0.003,1]},
{"frame":483,"values":[1,0,0,0,0,0.0317,0.9995,0,0,-0.9995,0.0317,0,0,0.3403,0.003,1]},
{"frame":484,"values":[1,0,0,0,0,0.0317,0.9995,0,0,-0.9995,0.0317,0,0,0.3397,0.003,1]},
{"frame":485,"values":[1,0,0,0,0,0.0317,0.9995,0,0,-0.9995,0.0317,0,0,0.3393,0.003,1]},
{"frame":486,"values":[1,0,0,0,0,0.0317,0.9995,0,0,-0.9995,0.0317,0,0,0.3389,0.003,1]},
{"frame":487,"values":[1,0,0,0,0,0.0317,0.9995,0,0,-0.9995,0.0317,0,0,0.3387,0.003,1]},
{"frame":488,"values":[1,0,0,0,0,0.0317,0.9995,0,0,-0.9995,0.0317,0,0,0.3385,0.003,1]},
{"frame":489,"values":[1,0,0,0,0,0.0317,0.9995,0,0,-0.9995,0.0317,0,0,0.3384,0.003,1]},
{"frame":490,"values":[1,0,0,0,0,0.0317,0.9995,0,0,-0.9995,0.0317,0,0,0.3383,0.003,1]},
{"frame":499,"values":[1,0,0,0,0,0.0317,0.9995,0,0,-0.9995,0.0317,0,0,0.3384,0.003,1]},
{"frame":502,"values":[1,0,0,0,0,0.0317,0.9995,0,0,-0.9995,0.0317,0,0,0.3385,0.003,1]},
{"frame":504,"values":[1,0,0,0,0,0.0317,0.9995,0,0,-0.9995,0.0317,0,0,0.3386,0.003,1]},
{"frame":506,"values":[1,0,0,0,0,0.0317,0.9995,0,0,-0.9995,0.0317,0,0,0.3387,0.003,1]},
{"frame":507,"values":[1,0,0,0,0,0.0317,0.9995,0,0,-0.9995,0.0317,0,0,0.3388,0.003,1]},
{"frame":509,"values":[1,0,0,0,0,0.0317,0.9995,0,0,-0.9995,0.0317,0,0,0.3389,0.003,1]},
{"frame":510,"values":[1,0,0,0,0,0.0317,0.9995,0,0,-0.9995,0.0317,0,0,0.339,0.003,1]},
{"frame":511,"values":[1,0,0,0,0,0.0317,0.9995,0,0,-0.9995,0.0317,0,0,0.3391,0.003,1]},
{"frame":512,"values":[1,0,0,0,0,0.0317,0.9995,0,0,-0.9995,0.0317,0,0,0.3392,0.003,1]},
{"frame":513,"values":[1,0,0,0,0,0.0317,0.9995,0,0,-0.9995,0.0317,0,0,0.3393,0.003,1]},
{"frame":514,"values":[1,0,0,0,0,0.0317,0.9995,0,0,-0.9995,0.0317,0,0,0.3394,0.003,1]},
{"frame":515,"values":[1,0,0,0,0,0.0317,0.9995,0,0,-0.9995,0.0317,0,0,0.3395,0.003,1]},
{"frame":516,"values":[1,0,0,0,0,0.0317,0.9995,0,0,-0.9995,0.0317,0,0,0.3396,0.003,1]},
{"frame":517,"values":[1,0,0,0,0,0.0317,0.9995,0,0,-0.9995,0.0317,0,0,0.3397,0.003,1]},
{"frame":518,"values":[1,0,0,0,0,0.0317,0.9995,0,0,-0.9995,0.0317,0,0,0.3398,0.003,1]},
{"frame":519,"values":[1,0,0,0,0,0.0317,0.9995,0,0,-0.9995,0.0317,0,0,0.3399,0.003,1]},
{"frame":520,"values":[1,0,0,0,0,0.0317,0.9995,0,0,-0.9995,0.0317,0,0,0.34,0.003,1]},
{"frame":521,"values":[1,0,0,0,0,0.0317,0.9995,0,0,-0.9995,0.0317,0,0,0.3402,0.003,1]},
{"frame":522,"values":[1,0,0,0,0,0.0317,0.9995,0,0,-0.9995,0.0317,0,0,0.3403,0.003,1]},
{"frame":523,"values":[1,0,0,0,0,0.0317,0.9995,0,0,-0.9995,0.0317,0,0,0.3404,0.003,1]},
{"frame":524,"values":[1,0,0,0,0,0.0317,0.9995,0,0,-0.9995,0.0317,0,0,0.3405,0.003,1]},
{"frame":525,"values":[1,0,0,0,0,0.0317,0.9995,0,0,-0.9995,0.0317,0,0,0.3407,0.003,1]},
{"frame":526,"values":[1,0,0,0,0,0.0317,0.9995,0,0,-0.9995,0.0317,0,0,0.3408,0.003,1]},
{"frame":527,"values":[1,0,0,0,0,0.0317,0.9995,0,0,-0.9995,0.0317,0,0,0.3409,0.003,1]},
{"frame":528,"values":[1,0,0,0,0,0.0317,0.9995,0,0,-0.9995,0.0317,0,0,0.3411,0.003,1]},
{"frame":529,"values":[1,0,0,0,0,0.0317,0.9995,0,0,-0.9995,0.0317,0,0,0.3412,0.003,1]},
{"frame":530,"values":[1,0,0,0,0,0.0317,0.9995,0,0,-0.9995,0.0317,0,0,0.3414,0.003,1]},
{"frame":531,"values":[1,0,0,0,0,0.0317,0.9995,0,0,-0.9995,0.0317,0,0,0.3415,0.003,1]},
{"frame":532,"values":[1,0,0,0,0,0.0317,0.9995,0,0,-0.9995,0.0317,0,0,0.3416,0.003,1]},
{"frame":533,"values":[1,0,0,0,0,0.0317,0.9995,0,0,-0.9995,0.0317,0,0,0.3418,0.003,1]},
{"frame":534,"values":[1,0,0,0,0,0.0317,0.9995,0,0,-0.9995,0.0317,0,0,0.3419,0.003,1]},
{"frame":535,"values":[1,0,0,0,0,0.0317,0.9995,0,0,-0.9995,0.0317,0,0,0.342,0.003,1]},
{"frame":536,"values":[1,0,0,0,0,0.0317,0.9995,0,0,-0.9995,0.0317,0,0,0.3422,0.003,1]},
{"frame":537,"values":[1,0,0,0,0,0.0317,0.9995,0,0,-0.9995,0.0317,0,0,0.3423,0.003,1]},
{"frame":538,"values":[1,0,0,0,0,0.0317,0.9995,0,0,-0.9995,0.0317,0,0,0.3424,0.003,1]},
{"frame":539,"values":[1,0,0,0,0,0.0317,0.9995,0,0,-0.9995,0.0317,0,0,0.3426,0.003,1]},
{"frame":540,"values":[1,0,0,0,0,0.0317,0.9995,0,0,-0.9995,0.0317,0,0,0.3427,0.003,1]},
{"frame":541,"values":[1,0,0,0,0,0.0317,0.9995,0,0,-0.9995,0.0317,0,0,0.3428,0.003,1]},
{"frame":542,"values":[1,0,0,0,0,0.0317,0.9995,0,0,-0.9995,0.0317,0,0,0.343,0.003,1]},
{"frame":543,"values":[1,0,0,0,0,0.0317,0.9995,0,0,-0.9995,0.0317,0,0,0.3431,0.003,1]},
{"frame":544,"values":[1,0,0,0,0,0.0317,0.9995,0,0,-0.9995,0.0317,0,0,0.3432,0.003,1]},
{"frame":545,"values":[1,0,0,0,0,0.0317,0.9995,0,0,-0.9995,0.0317,0,0,0.3433,0.003,1]},
{"frame":546,"values":[1,0,0,0,0,0.0317,0.9995,0,0,-0.9995,0.0317,0,0,0.3434,0.003,1]},
{"frame":547,"values":[1,0,0,0,0,0.0317,0.9995,0,0,-0.9995,0.0317,0,0,0.3435,0.003,1]},
{"frame":548,"values":[1,0,0,0,0,0.0317,0.9995,0,0,-0.9995,0.0317,0,0,0.3436,0.003,1]},
{"frame":549,"values":[1,0,0,0,0,0.0317,0.9995,0,0,-0.9995,0.0317,0,0,0.3437,0.003,1]},
{"frame":550,"values":[1,0,0,0,0,0.0317,0.9995,0,0,-0.9995,0.0317,0,0,0.3438,0.003,1]},
{"frame":551,"values":[1,0,0,0,0,0.0317,0.9995,0,0,-0.9995,0.0317,0,0,0.3439,0.003,1]},
{"frame":552,"values":[1,0,0,0,0,0.0317,0.9995,0,0,-0.9995,0.0317,0,0,0.344,0.003,1]},
{"frame":553,"values":[1,0,0,0,0,0.0317,0.9995,0,0,-0.9995,0.0317,0,0,0.3441,0.003,1]},
{"frame":554,"values":[1,0,0,0,0,0.0317,0.9995,0,0,-0.9995,0.0317,0,0,0.3442,0.003,1]},
{"frame":556,"values":[1,0,0,0,0,0.0317,0.9995,0,0,-0.9995,0.0317,0,0,0.3443,0.003,1]},
{"frame":557,"values":[1,0,0,0,0,0.0317,0.9995,0,0,-0.9995,0.0317,0,0,0.3444,0.003,1]},
{"frame":559,"values":[1,0,0,0,0,0.0317,0.9995,0,0,-0.9995,0.0317,0,0,0.3445,0.003,1]},
{"frame":561,"values":[1,0,0,0,0,0.0317,0.9995,0,0,-0.9995,0.0317,0,0,0.3446,0.003,1]},
{"frame":563,"values":[1,0,0,0,0,0.0317,0.9995,0,0,-0.9995,0.0317,0,0,0.3447,0.003,1]},
{"frame":567,"values":[1,0,0,0,0,0.0317,0.9995,0,0,-0.9995,0.0317,0,0,0.3448,0.003,1]},
{"frame":570,"values":[1,0,0,0,0,0.0317,0.9995,0,0,-0.9995,0.0317,0,0,0.3448,0.003,1]},
{"frame":581,"values":[1,0,0,0,0,0.0317,0.9995,0,0,-0.9995,0.0317,0,0,0.7393,0.003,1]},
{"frame":582,"values":[1,0,0,0,0,0.0317,0.9995,0,0,-0.9995,0.0317,0,0,0.7408,0.003,1]},
{"frame":583,"values":[1,0,0,0,0,0.0317,0.9995,0,0,-0.9995,0.0317,0,0,0.7451,0.003,1]},
{"frame":584,"values":[1,0,0,0,0,0.0317,0.9995,0,0,-0.9995,0.0317,0,0,0.7519,0.003,1]},
{"frame":585,"values":[1,0,0,0,0,0.0317,0.9995,0,0,-0.9995,0.0317,0,0,0.7602,0.003,1]},
{"frame":586,"values":[1,0,0,0,0,0.0317,0.9995,0,0,-0.9995,0.0317,0,0,0.7684,0.003,1]},
{"frame":587,"values":[1,0,0,0,0,0.0317,0.9995,0,0,-0.9995,0.0317,0,0,0.7752,0.003,1]},
{"frame":588,"values":[1,0,0,0,0,0.0317,0.9995,0,0,-0.9995,0.0317,0,0,0.7795,0.003,1]},
{"frame":589,"values":[1,0,0,0,0,0.0317,0.9995,0,0,-0.9995,0.0317,0,0,0.781,0.003,1]},
{"frame":590,"values":[1,0,0,0,0,0.0317,0.9995,0,0,-0.9995,0.0317,0,0,0.7799,0.003,1]},
{"frame":591,"values":[1,0,0,0,0,0.0317,0.9995,0,0,-0.9995,0.0317,0,0,0.7768,0.003,1]},
{"frame":592,"values":[1,0,0,0,0,0.0317,0.9995,0,0,-0.9995,0.0317,0,0,0.7719,0.003,1]},
{"frame":593,"values":[1,0,0,0,0,0.0317,0.9995,0,0,-0.9995,0.0317,0,0,0.7659,0.003,1]},
{"frame":594,"values":[1,0,0,0,0,0.0317,0.9995,0,0,-0.9995,0.0317,0,0,0.7599,0.003,1]},
{"frame":595,"values":[1,0,0,0,0,0.0317,0.9995,0,0,-0.9995,0.0317,0,0,0.755,0.003,1]},
{"frame":596,"values":[1,0,0,0,0,0.0317,0.9995,0,0,-0.9995,0.0317,0,0,0.7518,0.003,1]},
{"frame":597,"values":[1,0,0,0,0,0.0317,0.9995,0,0,-0.9995,0.0317,0,0,0.7508,0.003,1]},
{"frame":598,"values":[1,0,0,0,0,0.0317,0.9995,0,0,-0.9995,0.0317,0,0,0.7524,0.003,1]},
{"frame":599,"values":[1,0,0,0,0,0.0317,0.9995,0,0,-0.9995,0.0317,0,0,0.7572,0.003,1]},
{"frame":600,"values":[1,0,0,0,0,0.0317,0.9995,0,0,-0.9995,0.0317,0,0,0.7648,0.003,1]},
{"frame":601,"values":[1,0,0,0,0,0.0317,0.9995,0,0,-0.9995,0.0317,0,0,0.774,0.003,1]},
{"frame":602,"values":[1,0,0,0,0,0.0317,0.9995,0,0,-0.9995,0.0317,0,0,0.7832,0.003,1]},
{"frame":603,"values":[1,0,0,0,0,0.0317,0.9995,0,0,-0.9995,0.0317,0,0,0.7907,0.003,1]},
{"frame":604,"values":[1,0,0,0,0,0.0317,0.9995,0,0,-0.9995,0.0317,0,0,0.7955,0.003,1]},
{"frame":605,"values":[1,0,0,0,0,0.0317,0.9995,0,0,-0.9995,0.0317,0,0,0.7971,0.003,1]},
{"frame":606,"values":[1,0,0,0,0,0.0317,0.9995,0,0,-0.9995,0.0317,0,0,0.7951,0.003,1]},
{"frame":607,"values":[1,0,0,0,0,0.0317,0.9995,0,0,-0.9995,0.0317,0,0,0.7892,0.003,1]},
{"frame":608,"values":[1,0,0,0,0,0.0317,0.9995,0,0,-0.9995,0.0317,0,0,0.7797,0.003,1]},
{"frame":609,"values":[1,0,0,0,0,0.0317,0.9995,0,0,-0.9995,0.0317,0,0,0.7682,0.003,1]},
{"frame":610,"values":[1,0,0,0,0,0.0317,0.9995,0,0,-0.9995,0.0317,0,0,0.7567,0.003,1]},
{"frame":611,"values":[1,0,0,0,0,0.0317,0.9995,0,0,-0.9995,0.0317,0,0,0.7473,0.003,1]},
{"frame":612,"values":[1,0,0,0,0,0.0317,0.9995,0,0,-0.9995,0.0317,0,0,0.7413,0.003,1]},
{"frame":613,"values":[1,0,0,0,0,0.0317,0.9995,0,0,-0.9995,0.0317,0,0,0.7393,0.003,1]},
{"frame":621,"values":[1,0,0,0,0,0.0317,0.9995,0,0,-0.9995,0.0317,0,0,0.7393,0.003,1]},
{"frame":622,"values":[1,0,0,0,0,0.0317,0.9995,0,0,-0.9995,0.0317,0,0,0.7408,0.003,1]},
{"frame":623,"values":[1,0,0,0,0,0.0317,0.9995,0,0,-0.9995,0.0317,0,0,0.7451,0.003,1]},
{"frame":624,"values":[1,0,0,0,0,0.0317,0.9995,0,0,-0.9995,0.0317,0,0,0.7519,0.003,1]},
{"frame":625,"values":[1,0,0,0,0,0.0317,0.9995,0,0,-0.9995,0.0317,0,0,0.7602,0.003,1]},
{"frame":626,"values":[1,0,0,0,0,0.0317,0.9995,0,0,-0.9995,0.0317,0,0,0.7684,0.003,1]},
{"frame":627,"values":[1,0,0,0,0,0.0317,0.9995,0,0,-0.9995,0.0317,0,0,0.7752,0.003,1]},
{"frame":628,"values":[1,0,0,0,0,0.0317,0.9995,0,0,-0.9995,0.0317,0,0,0.7795,0.003,1]},
{"frame":629,"values":[1,0,0,0,0,0.0317,0.9995,0,0,-0.9995,0.0317,0,0,0.781,0.003,1]},
{"frame":630,"values":[1,0,0,0,0,0.0317,0.9995,0,0,-0.9995,0.0317,0,0,0.7799,0.003,1]},
{"frame":631,"values":[1,0,0,0,0,0.0317,0.9995,0,0,-0.9995,0.0317,0,0,0.7768,0.003,1]},
{"frame":632,"values":[1,0,0,0,0,0.0317,0.9995,0,0,-0.9995,0.0317,0,0,0.7719,0.003,1]},
{"frame":633,"values":[1,0,0,0,0,0.0317,0.9995,0,0,-0.9995,0.0317,0,0,0.7659,0.003,1]},
{"frame":634,"values":[1,0,0,0,0,0.0317,0.9995,0,0,-0.9995,0.0317,0,0,0.7599,0.003,1]},
{"frame":635,"values":[1,0,0,0,0,0.0317,0.9995,0,0,-0.9995,0.0317,0,0,0.755,0.003,1]},
{"frame":636,"values":[1,0,0,0,0,0.0317,0.9995,0,0,-0.9995,0.0317,0,0,0.7518,0.003,1]},
{"frame":637,"values":[1,0,0,0,0,0.0317,0.9995,0,0,-0.9995,0.0317,0,0,0.7508,0.003,1]},
{"frame":638,"values":[1,0,0,0,0,0.0317,0.9995,0,0,-0.9995,0.0317,0,0,0.7524,0.003,1]},
{"frame":639,"values":[1,0,0,0,0,0.0317,0.9995,0,0,-0.9995,0.0317,0,0,0.7572,0.003,1]},
{"frame":640,"values":[1,0,0,0,0,0.0317,0.9995,0,0,-0.9995,0.0317,0,0,0.7648,0.003,1]},
{"frame":641,"values":[1,0,0,0,0,0.0317,0.9995,0,0,-0.9995,0.0317,0,0,0.774,0.003,1]},
{"frame":642,"values":[1,0,0,0,0,0.0317,0.9995,0,0,-0.9995,0.0317,0,0,0.7832,0.003,1]},
{"frame":643,"values":[1,0,0,0,0,0.0317,0.9995,0,0,-0.9995,0.0317,0,0,0.7907,0.003,1]},
{"frame":644,"values":[1,0,0,0,0,0.0317,0.9995,0,0,-0.9995,0.0317,0,0,0.7955,0.003,1]},
{"frame":645,"values":[1,0,0,0,0,0.0317,0.9995,0,0,-0.9995,0.0317,0,0,0.7971,0.003,1]},
{"frame":646,"values":[1,0,0,0,0,0.0317,0.9995,0,0,-0.9995,0.0317,0,0,0.7951,0.003,1]},
{"frame":647,"values":[1,0,0,0,0,0.0317,0.9995,0,0,-0.9995,0.0317,0,0,0.7892,0.003,1]},
{"frame":648,"values":[1,0,0,0,0,0.0317,0.9995,0,0,-0.9995,0.0317,0,0,0.7797,0.003,1]},
{"frame":649,"values":[1,0,0,0,0,0.0317,0.9995,0,0,-0.9995,0.0317,0,0,0.7682,0.003,1]},
{"frame":650,"values":[1,0,0,0,0,0.0317,0.9995,0,0,-0.9995,0.0317,0,0,0.7567,0.003,1]},
{"frame":651,"values":[1,0,0,0,0,0.0317,0.9995,0,0,-0.9995,0.0317,0,0,0.7473,0.003,1]},
{"frame":652,"values":[1,0,0,0,0,0.0317,0.9995,0,0,-0.9995,0.0317,0,0,0.7413,0.003,1]},
{"frame":653,"values":[1,0,0,0,0,0.0317,0.9995,0,0,-0.9995,0.0317,0,0,0.7393,0.003,1]},
{"frame":661,"values":[1,0,0,0,0,0.0317,0.9995,0,0,-0.9995,0.0317,0,0,0.7715,0.003,1]},
{"frame":662,"values":[1,0,0,0,0,0.0317,0.9995,0,0,-0.9995,0.0317,0,0,0.7715,0.003,1]}],"loopBehavior":1,"name":"anim","property":"_matrix"}},
{"name":"spine_01","index":2,"matrix":[1,0,0,0,0,-0.2861,-0.9582,0,0,0.9582,-0.2861,0,0,0.0573,0,1],"rest":[1,0,0,0,0,-0.2862,-0.9581,0,0,0.9582,-0.2861,0,0,0.0573,0,1],"parentBoneIndex":1,"length":0.0391
,"animation":{"dataType":3,"framePerSecond":60,"keys":[
{"frame":1,"values":[1,0,0,0,0,-0.2861,-0.9582,0,0,0.9582,-0.2861,0,0,0.0573,0,1]},
{"frame":253,"values":[1,0,0,0,0,-0.2861,-0.9582,0,0,0.9582,-0.2861,0,0,0.0573,0,1]},
{"frame":261,"values":[1,0,0,0,0,-0.2861,-0.9582,0,0,0.9582,-0.2861,0,0,0.0573,0,1]},
{"frame":460,"values":[1,0,0,0,0,-0.2861,-0.9582,0,0,0.9582,-0.2861,0,0,0.0573,0,1]},
{"frame":471,"values":[1,0,0,0,0,-0.2861,-0.9582,0,0,0.9582,-0.2861,0,0,0.0573,0,1]},
{"frame":472,"values":[1,0,0,0,0,-0.2395,-0.9709,0,0,0.9709,-0.2395,0,0,0.0573,0,1]},
{"frame":473,"values":[1,0,0,0,0,-0.095,-0.9955,0,0,0.9955,-0.095,0,0,0.0573,0,1]},
{"frame":474,"values":[1,0,0,0,0,0.135,-0.9908,0,0,0.9908,0.135,0,0,0.0573,0,1]},
{"frame":475,"values":[1,0,0,0,0,0.3904,-0.9206,0,0,0.9206,0.3904,0,0,0.0573,0,1]},
{"frame":476,"values":[1,0,0,0,0,0.5905,-0.807,0,0,0.807,0.5905,0,0,0.0573,0,1]},
{"frame":477,"values":[1,0,0,0,0,0.7021,-0.7121,0,0,0.7121,0.7021,0,0,0.0573,0,1]},
{"frame":478,"values":[1,0,0,0,0,0.7357,-0.6773,0,0,0.6773,0.7357,0,0,0.0573,0,1]},
{"frame":570,"values":[1,0,0,0,0,0.7357,-0.6773,0,0,0.6773,0.7357,0,0,0.0573,0,1]},
{"frame":581,"values":[1,0,0,0,0,-0.2861,-0.9582,0,0,0.9582,-0.2861,0,0,0.0573,0,1]},
{"frame":613,"values":[1,0,0,0,0,-0.2861,-0.9582,0,0,0.9582,-0.2861,0,0,0.0573,0,1]},
{"frame":621,"values":[1,0,0,0,0,-0.2861,-0.9582,0,0,0.9582,-0.2861,0,0,0.0573,0,1]},
{"frame":653,"values":[1,0,0,0,0,-0.2861,-0.9582,0,0,0.9582,-0.2861,0,0,0.0573,0,1]},
{"frame":661,"values":[1,0,0,0,0,-0.2861,-0.9582,0,0,0.9582,-0.2861,0,0,0.0573,0,1]},
{"frame":662,"values":[1,0,0,0,0,-0.2861,-0.9582,0,0,0.9582,-0.2861,0,0,0.0573,0,1]}],"loopBehavior":1,"name":"anim","property":"_matrix"}},
{"name":"spine_02","index":3,"matrix":[1,0,0,0,0,0.9863,0.1649,0,0,-0.1649,0.9863,0,0,0.0391,0,1],"rest":[1,0,0,0,0,0.9863,0.1649,0,0,-0.1649,0.9863,0,0,0.0391,0,1],"parentBoneIndex":2,"length":0.0456
,"animation":{"dataType":3,"framePerSecond":60,"keys":[
{"frame":1,"values":[1,0,0,0,0,0.9863,0.1649,0,0,-0.1649,0.9863,0,0,0.0391,0,1]},
{"frame":253,"values":[1,0,0,0,0,0.9863,0.1649,0,0,-0.1649,0.9863,0,0,0.0391,0,1]},
{"frame":261,"values":[1,0,0,0,0,0.9863,0.1649,0,0,-0.1649,0.9863,0,0,0.0391,0,1]},
{"frame":460,"values":[1,0,0,0,0,0.9863,0.1649,0,0,-0.1649,0.9863,0,0,0.0391,0,1]},
{"frame":471,"values":[1,0,0,0,0,0.9863,0.1649,0,0,-0.1649,0.9863,0,0,0.0391,0,1]},
{"frame":472,"values":[0.9998,0.0036,-0.0189,0,-0.0004,0.9863,0.1648,0,0.0193,-0.1648,0.9861,0,0,0.0391,0,1]},
{"frame":473,"values":[0.9971,0.0142,-0.0751,0,-0.0016,0.9863,0.1648,0,0.0764,-0.1642,0.9835,0,0,0.0391,0,1]},
{"frame":474,"values":[0.9866,0.0303,-0.1606,0,-0.0035,0.9863,0.1648,0,0.1634,-0.162,0.9732,0,0,0.0391,0,1]},
{"frame":475,"values":[0.9654,0.0483,-0.2562,0,-0.0056,0.9863,0.165,0,0.2606,-0.1579,0.9524,0,0,0.0391,0,1]},
{"frame":476,"values":[0.9389,0.0638,-0.3382,0,-0.0074,0.9862,0.1654,0,0.3441,-0.1528,0.9264,0,0,0.0391,0,1]},
{"frame":477,"values":[0.9177,0.0736,-0.3905,0,-0.0086,0.9861,0.1658,0,0.3972,-0.1488,0.9056,0,0,0.0391,0,1]},
{"frame":478,"values":[0.9098,0.0768,-0.4078,0,-0.0089,0.9861,0.1659,0,0.4149,-0.1473,0.8979,0,0,0.0391,0,1]},
{"frame":570,"values":[0.9098,0.0768,-0.4078,0,-0.0089,0.9861,0.1659,0,0.4149,-0.1473,0.8979,0,0,0.0391,0,1]},
{"frame":581,"values":[1,0,0,0,0,0.9863,0.1649,0,0,-0.1649,0.9863,0,0,0.0391,0,1]},
{"frame":613,"values":[1,0,0,0,0,0.9863,0.1649,0,0,-0.1649,0.9863,0,0,0.0391,0,1]},
{"frame":621,"values":[1,0,0,0,0,0.9863,0.1649,0,0,-0.1649,0.9863,0,0,0.0391,0,1]},
{"frame":653,"values":[1,0,0,0,0,0.9863,0.1649,0,0,-0.1649,0.9863,0,0,0.0391,0,1]},
{"frame":661,"values":[1,0,0,0,0,0.9863,0.1649,0,0,-0.1649,0.9863,0,0,0.0391,0,1]},
{"frame":662,"values":[1,0,0,0,0,0.9863,0.1649,0,0,-0.1649,0.9863,0,0,0.0391,0,1]}],"loopBehavior":1,"name":"anim","property":"_matrix"}},
{"name":"spine_03","index":4,"matrix":[1,0,0,0,0,0.9949,0.1011,0,0,-0.1011,0.9949,0,0,0.0456,0,1],"rest":[1,0,0,0,0,0.9949,0.1011,0,0,-0.1011,0.9949,0,0,0.0456,0,1],"parentBoneIndex":3,"length":0.2667
,"animation":{"dataType":3,"framePerSecond":60,"keys":[
{"frame":1,"values":[1,0,0,0,0,0.9949,0.1011,0,0,-0.1011,0.9949,0,0,0.0456,0,1]},
{"frame":3,"values":[1,0,0,0,0,0.9949,0.1012,0,0,-0.1012,0.9949,0,0,0.0456,0,1]},
{"frame":4,"values":[1,0,0,0,0,0.9948,0.1014,0,0,-0.1014,0.9948,0,0,0.0456,0,1]},
{"frame":5,"values":[1,0,0,0,0,0.9948,0.1017,0,0,-0.1017,0.9948,0,0,0.0456,0,1]},
{"frame":6,"values":[1,0,0,0,0,0.9948,0.1021,0,0,-0.1021,0.9948,0,0,0.0456,0,1]},
{"frame":7,"values":[1,0,0,0,0,0.9947,0.1025,0,0,-0.1025,0.9947,0,0,0.0456,0,1]},
{"frame":8,"values":[1,0,0,0,0,0.9947,0.103,0,0,-0.103,0.9947,0,0,0.0456,0,1]},
{"frame":9,"values":[1,0,0,0,0,0.9946,0.1035,0,0,-0.1035,0.9946,0,0,0.0456,0,1]},
{"frame":10,"values":[1,0,0,0,0,0.9946,0.1042,0,0,-0.1042,0.9946,0,0,0.0456,0,1]},
{"frame":11,"values":[1,0,0,0,0,0.9945,0.1049,0,0,-0.1049,0.9945,0,0,0.0456,0,1]},
{"frame":12,"values":[1,0,0,0,0,0.9944,0.1057,0,0,-0.1057,0.9944,0,0,0.0456,0,1]},
{"frame":13,"values":[1,0,0,0,0,0.9943,0.1066,0,0,-0.1066,0.9943,0,0,0.0456,0,1]},
{"frame":14,"values":[1,0,0,0,0,0.9942,0.1076,0,0,-0.1076,0.9942,0,0,0.0456,0,1]},
