{"producer":{"name":"Blender","version":"2.78 (sub 0)","exporter_version":"5.1.0","file":"alice.babylon"},
"autoClear":true,"clearColor":[0.0509,0.0509,0.0509],"ambientColor":[0,0,0],"gravity":[0,-9.81,0],
"materials":[{"name":"alice.hair","id":"alice.hair","ambient":[1,1,1],"diffuse":[0.8,0.8,0.8],"specular":[0,0,0],"emissive":[0,0,0],"specularPower":50,"alpha":1,"backFaceCulling":true,"checkReadyOnlyOnce":false,"maxSimultaneousLights":4, 
"diffuseTexture":{"name":"texture.png","level":1,"hasAlpha":1,"coordinatesMode":0,"uOffset":0,"vOffset":0,"uScale":1,"vScale":1,"uAng":0,"vAng":0,"wAng":0,"wrapU":1,"wrapV":1,"coordinatesIndex":0}},
{"name":"alice.Shirts","id":"alice.Shirts","ambient":[1,1,1],"diffuse":[0.64,0.64,0.64],"specular":[0,0,0],"emissive":[0,0,0],"specularPower":50,"alpha":1,"backFaceCulling":true,"checkReadyOnlyOnce":false,"maxSimultaneousLights":4},
{"name":"alice.Skirt","id":"alice.Skirt","ambient":[1,1,1],"diffuse":[0.8,0.8,0.8],"specular":[0,0,0],"emissive":[0,0,0],"specularPower":50,"alpha":1,"backFaceCulling":true,"checkReadyOnlyOnce":false,"maxSimultaneousLights":4, 
"diffuseTexture":{"name":"texture.png","level":1,"hasAlpha":1,"coordinatesMode":0,"uOffset":0,"vOffset":0,"uScale":1,"vScale":1,"uAng":0,"vAng":0,"wAng":0,"wrapU":1,"wrapV":1,"coordinatesIndex":0}},
{"name":"alice.Ribbon","id":"alice.Ribbon","ambient":[0.0668,0.0536,0.0622],"diffuse":[0.0534,0.0429,0.0497],"specular":[0,0,0],"emissive":[0,0,0],"specularPower":50,"alpha":1,"backFaceCulling":true,"checkReadyOnlyOnce":false,"maxSimultaneousLights":4},
{"name":"alice.DefaultSkin","id":"alice.DefaultSkin","ambient":[1,1,1],"diffuse":[0.7,0.7,0.7],"specular":[0,0,0],"emissive":[0,0,0],"specularPower":245,"alpha":1,"backFaceCulling":true,"checkReadyOnlyOnce":false,"maxSimultaneousLights":4, 
"diffuseTexture":{"name":"texture.png","level":1,"hasAlpha":1,"coordinatesMode":0,"uOffset":0,"vOffset":0,"uScale":1,"vScale":1,"uAng":0,"vAng":0,"wAng":0,"wrapU":1,"wrapV":1,"coordinatesIndex":0}},
{"name":"alice.shoes","id":"alice.shoes","ambient":[1,1,1],"diffuse":[0.8,0.8,0.8],"specular":[0,0,0],"emissive":[0,0,0],"specularPower":50,"alpha":1,"backFaceCulling":true,"checkReadyOnlyOnce":false,"maxSimultaneousLights":4},
{"name":"alice.socs","id":"alice.socs","ambient":[1,1,1],"diffuse":[0.8,0.8,0.8],"specular":[0,0,0],"emissive":[0,0,0],"specularPower":50,"alpha":1,"backFaceCulling":true,"checkReadyOnlyOnce":false,"maxSimultaneousLights":4, 
"diffuseTexture":{"name":"texture.png","level":1,"hasAlpha":1,"coordinatesMode":0,"uOffset":0,"vOffset":0,"uScale":1,"vScale":1,"uAng":0,"vAng":0,"wAng":0,"wrapU":1,"wrapV":1,"coordinatesIndex":0}},
{"name":"alice.Darkness","id":"alice.Darkness","ambient":[0,0,0],"diffuse":[0,0,0],"specular":[0,0,0],"emissive":[0,0,0],"specularPower":50,"alpha":1,"backFaceCulling":true,"checkReadyOnlyOnce":false,"maxSimultaneousLights":4}],
"multiMaterials":[{"name":"alice.Multimaterial#0","id":"alice.Multimaterial#0","materials":["alice.hair","alice.Shirts","alice.Skirt","alice.Skirt","alice.Ribbon"]},{"name":"alice.Multimaterial#1","id":"alice.Multimaterial#1","materials":["alice.hair","alice.Shirts","alice.Skirt","alice.Skirt","alice.Ribbon"]},{"name":"alice.Multimaterial#2","id":"alice.Multimaterial#2","materials":["alice.hair","alice.Shirts","alice.Skirt","alice.Skirt","alice.Ribbon"]},{"name":"alice.Multimaterial#3","id":"alice.Multimaterial#3","materials":["alice.DefaultSkin","alice.Shirts","alice.shoes","alice.socs"]},{"name":"alice.Multimaterial#4","id":"alice.Multimaterial#4","materials":["alice.DefaultSkin","alice.Shirts","alice.Skirt","alice.hair","alice.Darkness"]}],
"skeletons":[{"name":"alice","id":0,"dimensionsAtRest":[0.7323,1.7228,0.2422],"bones":[
{"name":"Root","index":0,"matrix":[1,0,0,0,0,1,0,0,0,0,-1,0,0,0.0036,0.0018,1],"rest":[1,0,0,0,0,1,0,0,0,0,-1,0,0,0.0036,0.0018,1],"parentBoneIndex":-1,"length":0.0659
,"animation":{"dataType":3,"framePerSecond":60,"keys":[
{"frame":0,"values":[1,0,0,0,0,1,0,0,0,0,-1,0,0,0.0036,0.0018,1]},
{"frame":30,"values":[1,0,0,0,0,1,0,0,0,0,-1,0,0,0.0036,0.0018,1]},
{"frame":41,"values":[1,0,0,0,0,1,0,0,0,0,-1,0,0,0.0036,0.0018,1]},
{"frame":44,"values":[1,0,0,0,0,1,0,0,0,0,-1,0,0,0.0036,0.0018,1]},
{"frame":44,"values":[1,0,0,0,0,1,0,0,0,0,-1,0,0,0.0036,0.0018,1]},
{"frame":250,"values":[1,0,0,0,0,1,0,0,0,0,-1,0,0,0.0036,0.0018,1]}],"loopBehavior":1,"name":"anim","property":"_matrix"}},
{"name":"pelvis","index":1,"matrix":[1,0,0,0,0,0.0317,0.9995,0,0,-0.9995,0.0317,0,0,0.7715,0.003,1],"rest":[1,0,0,0,0,0.0317,0.9995,0,0,-0.9996,0.0317,0,0,0.7715,0.003,1],"parentBoneIndex":0,"length":0.0573
,"animation":{"dataType":3,"framePerSecond":60,"keys":[
{"frame":0,"values":[1,0,0,0,0,0.0317,0.9995,0,0,-0.9995,0.0317,0,0,0.7808,0.003,1]},
{"frame":1,"values":[1,0,0,0,0,0.0317,0.9995,0,0,-0.9995,0.0317,0,0,0.7699,0.003,1]},
{"frame":2,"values":[1,0,0,0,0,0.0317,0.9995,0,0,-0.9995,0.0317,0,0,0.7415,0.003,1]},
{"frame":3,"values":[1,0,0,0,0,0.0317,0.9995,0,0,-0.9995,0.0317,0,0,0.7131,0.003,1]},
{"frame":4,"values":[1,0,0,0,0,0.0317,0.9995,0,0,-0.9995,0.0317,0,0,0.7023,0.003,1]},
{"frame":5,"values":[1,0,0,0,0,0.0317,0.9995,0,0,-0.9995,0.0317,0,0,0.703,0.003,1]},
{"frame":6,"values":[1,0,0,0,0,0.0317,0.9995,0,0,-0.9995,0.0317,0,0,0.7055,0.003,1]},
{"frame":7,"values":[1,0,0,0,0,0.0317,0.9995,0,0,-0.9995,0.0317,0,0,0.7099,0.003,1]},
{"frame":8,"values":[1,0,0,0,0,0.0317,0.9995,0,0,-0.9995,0.0317,0,0,0.7154,0.003,1]},
{"frame":9,"values":[1,0,0,0,0,0.0317,0.9995,0,0,-0.9995,0.0317,0,0,0.7224,0.003,1]},
{"frame":10,"values":[1,0,0,0,0,0.0317,0.9995,0,0,-0.9995,0.0317,0,0,0.7318,0.003,1]},
{"frame":11,"values":[1,0,0,0,0,0.0317,0.9995,0,0,-0.9995,0.0317,0,0,0.743,0.003,1]},
{"frame":12,"values":[1,0,0,0,0,0.0317,0.9995,0,0,-0.9995,0.0317,0,0,0.7548,0.003,1]},
{"frame":13,"values":[1,0,0,0,0,0.0317,0.9995,0,0,-0.9995,0.0317,0,0,0.7656,0.003,1]},
{"frame":14,"values":[1,0,0,0,0,0.0317,0.9995,0,0,-0.9995,0.0317,0,0,0.774,0.003,1]},
{"frame":15,"values":[1,0,0,0,0,0.0317,0.9995,0,0,-0.9995,0.0317,0,0,0.7791,0.003,1]},
{"frame":16,"values":[1,0,0,0,0,0.0317,0.9995,0,0,-0.9995,0.0317,0,0,0.7808,0.003,1]},
{"frame":17,"values":[1,0,0,0,0,0.0317,0.9995,0,0,-0.9995,0.0317,0,0,0.765,0.003,1]},
{"frame":18,"values":[1,0,0,0,0,0.0317,0.9995,0,0,-0.9995,0.0317,0,0,0.7312,0.003,1]},
{"frame":19,"values":[1,0,0,0,0,0.0317,0.9995,0,0,-0.9995,0.0317,0,0,0.7154,0.003,1]},
{"frame":20,"values":[1,0,0,0,0,0.0317,0.9995,0,0,-0.9995,0.0317,0,0,0.7202,0.003,1]},
{"frame":21,"values":[1,0,0,0,0,0.0317,0.9995,0,0,-0.9995,0.0317,0,0,0.7332,0.003,1]},
{"frame":22,"values":[1,0,0,0,0,0.0317,0.9995,0,0,-0.9995,0.0317,0,0,0.7476,0.003,1]},
{"frame":23,"values":[1,0,0,0,0,0.0317,0.9995,0,0,-0.9995,0.0317,0,0,0.7559,0.003,1]},
{"frame":24,"values":[1,0,0,0,0,0.0317,0.9995,0,0,-0.9995,0.0317,0,0,0.7586,0.003,1]},
{"frame":25,"values":[1,0,0,0,0,0.0317,0.9995,0,0,-0.9995,0.0317,0,0,0.7592,0.003,1]},
{"frame":26,"values":[1,0,0,0,0,0.0317,0.9995,0,0,-0.9995,0.0317,0,0,0.7597,0.003,1]},
{"frame":27,"values":[1,0,0,0,0,0.0317,0.9995,0,0,-0.9995,0.0317,0,0,0.7623,0.003,1]},
{"frame":28,"values":[1,0,0,0,0,0.0317,0.9995,0,0,-0.9995,0.0317,0,0,0.7688,0.003,1]},
{"frame":29,"values":[1,0,0,0,0,0.0317,0.9995,0,0,-0.9995,0.0317,0,0,0.7773,0.003,1]},
{"frame":30,"values":[1,0,0,0,0,0.0317,0.9995,0,0,-0.9995,0.0317,0,0,0.7808,0.003,1]},
{"frame":41,"values":[1,0,0,0,0,0.0317,0.9995,0,0,-0.9995,0.0317,0,0,0.7715,0.003,1]},
{"frame":44,"values":[1,0,0,0,0,0.0317,0.9995,0,0,-0.9995,0.0317,0,0,0.7715,0.003,1]},
{"frame":44,"values":[1,0,0,0,0,0.0317,0.9995,0,0,-0.9995,0.0317,0,0,0.7715,0.003,1]},
{"frame":52,"values":[1,0,0,0,0,0.0317,0.9995,0,0,-0.9995,0.0317,0,0,0.7715,0.0029,1]},
{"frame":53,"values":[1,0,0,0,0,0.0317,0.9995,0,0,-0.9995,0.0317,0,0,0.7715,0.0027,1]},
{"frame":54,"values":[1,0,0,0,0,0.0317,0.9995,0,0,-0.9995,0.0317,0,0,0.7714,0.0023,1]},
{"frame":55,"values":[1,0,0,0,0,0.0317,0.9995,0,0,-0.9995,0.0317,0,0,0.7714,0.0019,1]},
{"frame":56,"values":[1,0,0,0,0,0.0317,0.9995,0,0,-0.9995,0.0317,0,0,0.7714,0.0015,1]},
{"frame":57,"values":[1,0,0,0,0,0.0317,0.9995,0,0,-0.9995,0.0317,0,0,0.7713,0.001,1]},
{"frame":58,"values":[1,0,0,0,0,0.0317,0.9995,0,0,-0.9995,0.0317,0,0,0.7713,0.0004,1]},
{"frame":59,"values":[1,0,0,0,0,0.0317,0.9995,0,0,-0.9995,0.0317,0,0,0.7712,-0.0002,1]},
{"frame":60,"values":[1,0,0,0,0,0.0317,0.9995,0,0,-0.9995,0.0317,0,0,0.7712,-0.0008,1]},
{"frame":61,"values":[1,0,0,0,0,0.0317,0.9995,0,0,-0.9995,0.0317,0,0,0.7711,-0.0014,1]},
{"frame":62,"values":[1,0,0,0,0,0.0317,0.9995,0,0,-0.9995,0.0317,0,0,0.7711,-0.0021,1]},
{"frame":63,"values":[1,0,0,0,0,0.0317,0.9995,0,0,-0.9995,0.0317,0,0,0.771,-0.0027,1]},
{"frame":64,"values":[1,0,0,0,0,0.0317,0.9995,0,0,-0.9995,0.0317,0,0,0.771,-0.0034,1]},
{"frame":65,"values":[1,0,0,0,0,0.0317,0.9995,0,0,-0.9995,0.0317,0,0,0.7709,-0.0041,1]},
{"frame":66,"values":[1,0,0,0,0,0.0317,0.9995,0,0,-0.9995,0.0317,0,0,0.7708,-0.0049,1]},
{"frame":67,"values":[1,0,0,0,0,0.0317,0.9995,0,0,-0.9995,0.0317,0,0,0.7708,-0.0056,1]},
{"frame":68,"values":[1,0,0,0,0,0.0317,0.9995,0,0,-0.9995,0.0317,0,0,0.7707,-0.0063,1]},
{"frame":69,"values":[1,0,0,0,0,0.0317,0.9995,0,0,-0.9995,0.0317,0,0,0.7707,-0.0071,1]},
{"frame":70,"values":[1,0,0,0,0,0.0317,0.9995,0,0,-0.9995,0.0317,0,0,0.7706,-0.0078,1]},
{"frame":71,"values":[1,0,0,0,0,0.0317,0.9995,0,0,-0.9995,0.0317,0,0,0.7705,-0.0086,1]},
{"frame":72,"values":[1,0,0,0,0,0.0317,0.9995,0,0,-0.9995,0.0317,0,0,0.7705,-0.0093,1]},
{"frame":73,"values":[1,0,0,0,0,0.0317,0.9995,0,0,-0.9995,0.0317,0,0,0.7704,-0.0101,1]},
{"frame":74,"values":[1,0,0,0,0,0.0317,0.9995,0,0,-0.9995,0.0317,0,0,0.7703,-0.0109,1]},
{"frame":75,"values":[1,0,0,0,0,0.0317,0.9995,0,0,-0.9995,0.0317,0,0,0.7703,-0.0116,1]},
{"frame":76,"values":[1,0,0,0,0,0.0317,0.9995,0,0,-0.9995,0.0317,0,0,0.7702,-0.0124,1]},
{"frame":77,"values":[1,0,0,0,0,0.0317,0.9995,0,0,-0.9995,0.0317,0,0,0.7701,-0.0132,1]},
{"frame":78,"values":[1,0,0,0,0,0.0317,0.9995,0,0,-0.9995,0.0317,0,0,0.7701,-0.0139,1]},
{"frame":79,"values":[1,0,0,0,0,0.0317,0.9995,0,0,-0.9995,0.0317,0,0,0.77,-0.0147,1]},
{"frame":80,"values":[1,0,0,0,0,0.0317,0.9995,0,0,-0.9995,0.0317,0,0,0.7699,-0.0155,1]},
{"frame":81,"values":[1,0,0,0,0,0.0317,0.9995,0,0,-0.9995,0.0317,0,0,0.7699,-0.0162,1]},
{"frame":82,"values":[1,0,0,0,0,0.0317,0.9995,0,0,-0.9995,0.0317,0,0,0.7698,-0.017,1]},
{"frame":83,"values":[1,0,0,0,0,0.0317,0.9995,0,0,-0.9995,0.0317,0,0,0.7697,-0.0178,1]},
{"frame":84,"values":[1,0,0,0,0,0.0317,0.9995,0,0,-0.9995,0.0317,0,0,0.7697,-0.0185,1]},
{"frame":85,"values":[1,0,0,0,0,0.0317,0.9995,0,0,-0.9995,0.0317,0,0,0.7696,-0.0193,1]},
{"frame":86,"values":[1,0,0,0,0,0.0317,0.9995,0,0,-0.9995,0.0317,0,0,0.7696,-0.0201,1]},
{"frame":87,"values":[1,0,0,0,0,0.0317,0.9995,0,0,-0.9995,0.0317,0,0,0.7695,-0.0208,1]},
{"frame":88,"values":[1,0,0,0,0,0.0317,0.9995,0,0,-0.9995,0.0317,0,0,0.7694,-0.0216,1]},
{"frame":89,"values":[1,0,0,0,0,0.0317,0.9995,0,0,-0.9995,0.0317,0,0,0.7694,-0.0223,1]},
{"frame":90,"values":[1,0,0,0,0,0.0317,0.9995,0,0,-0.9995,0.0317,0,0,0.7693,-0.0231,1]},
{"frame":91,"values":[1,0,0,0,0,0.0317,0.9995,0,0,-0.9995,0.0317,0,0,0.7692,-0.0238,1]},
{"frame":92,"values":[1,0,0,0,0,0.0317,0.9995,0,0,-0.9995,0.0317,0,0,0.7692,-0.0245,1]},
{"frame":93,"values":[1,0,0,0,0,0.0317,0.9995,0,0,-0.9995,0.0317,0,0,0.7691,-0.0253,1]},
{"frame":94,"values":[1,0,0,0,0,0.0317,0.9995,0,0,-0.9995,0.0317,0,0,0.7691,-0.026,1]},
{"frame":95,"values":[1,0,0,0,0,0.0317,0.9995,0,0,-0.9995,0.0317,0,0,0.769,-0.0267,1]},
{"frame":96,"values":[1,0,0,0,0,0.0317,0.9995,0,0,-0.9995,0.0317,0,0,0.7689,-0.0274,1]},
{"frame":97,"values":[1,0,0,0,0,0.0317,0.9995,0,0,-0.9995,0.0317,0,0,0.7689,-0.0281,1]},
{"frame":98,"values":[1,0,0,0,0,0.0317,0.9995,0,0,-0.9995,0.0317,0,0,0.7688,-0.0288,1]},
{"frame":99,"values":[1,0,0,0,0,0.0317,0.9995,0,0,-0.9995,0.0317,0,0,0.7688,-0.0295,1]},
{"frame":100,"values":[1,0,0,0,0,0.0317,0.9995,0,0,-0.9995,0.0317,0,0,0.7687,-0.0302,1]},
{"frame":101,"values":[1,0,0,0,0,0.0317,0.9995,0,0,-0.9995,0.0317,0,0,0.7686,-0.0309,1]},
{"frame":102,"values":[1,0,0,0,0,0.0317,0.9995,0,0,-0.9995,0.0317,0,0,0.7686,-0.0316,1]},
{"frame":103,"values":[1,0,0,0,0,0.0317,0.9995,0,0,-0.9995,0.0317,0,0,0.7685,-0.0323,1]},
{"frame":104,"values":[1,0,0,0,0,0.0317,0.9995,0,0,-0.9995,0.0317,0,0,0.7685,-0.0329,1]},
{"frame":105,"values":[1,0,0,0,0,0.0317,0.9995,0,0,-0.9995,0.0317,0,0,0.7684,-0.0336,1]},
{"frame":106,"values":[1,0,0,0,0,0.0317,0.9995,0,0,-0.9995,0.0317,0,0,0.7684,-0.0342,1]},
{"frame":107,"values":[1,0,0,0,0,0.0317,0.9995,0,0,-0.9995,0.0317,0,0,0.7683,-0.0349,1]},
{"frame":108,"values":[1,0,0,0,0,0.0317,0.9995,0,0,-0.9995,0.0317,0,0,0.7683,-0.0355,1]},
{"frame":109,"values":[1,0,0,0,0,0.0317,0.9995,0,0,-0.9995,0.0317,0,0,0.7682,-0.0361,1]},
{"frame":110,"values":[1,0,0,0,0,0.0317,0.9995,0,0,-0.9995,0.0317,0,0,0.7682,-0.0367,1]},
{"frame":111,"values":[1,0,0,0,0,0.0317,0.9995,0,0,-0.9995,0.0317,0,0,0.7681,-0.0373,1]},
{"frame":112,"values":[1,0,0,0,0,0.0317,0.9995,0,0,-0.9995,0.0317,0,0,0.7681,-0.0379,1]},
{"frame":113,"values":[1,0,0,0,0,0.0317,0.9995,0,0,-0.9995,0.0317,0,0,0.768,-0.0385,1]},
{"frame":114,"values":[1,0,0,0,0,0.0317,0.9995,0,0,-0.9995,0.0317,0,0,0.768,-0.0391,1]},
{"frame":115,"values":[1,0,0,0,0,0.0317,0.9995,0,0,-0.9995,0.0317,0,0,0.7679,-0.0396,1]},
{"frame":116,"values":[1,0,0,0,0,0.0317,0.9995,0,0,-0.9995,0.0317,0,0,0.7679,-0.0402,1]},
{"frame":117,"values":[1,0,0,0,0,0.0317,0.9995,0,0,-0.9995,0.0317,0,0,0.7678,-0.0407,1]},
{"frame":118,"values":[1,0,0,0,0,0.0317,0.9995,0,0,-0.9995,0.0317,0,0,0.7678,-0.0413,1]},
{"frame":119,"values":[1,0,0,0,0,0.0317,0.9995,0,0,-0.9995,0.0317,0,0,0.7677,-0.0418,1]},
{"frame":120,"values":[1,0,0,0,0,0.0317,0.9995,0,0,-0.9995,0.0317,0,0,0.7677,-0.0423,1]},
{"frame":121,"values":[1,0,0,0,0,0.0317,0.9995,0,0,-0.9995,0.0317,0,0,0.7676,-0.0428,1]},
{"frame":122,"values":[1,0,0,0,0,0.0317,0.9995,0,0,-0.9995,0.0317,0,0,0.7676,-0.0433,1]},
{"frame":123,"values":[1,0,0,0,0,0.0317,0.9995,0,0,-0.9995,0.0317,0,0,0.7676,-0.0438,1]},
{"frame":124,"values":[1,0,0,0,0,0.0317,0.9995,0,0,-0.9995,0.0317,0,0,0.7675,-0.0442,1]},
{"frame":125,"values":[1,0,0,0,0,0.0317,0.9995,0,0,-0.9995,0.0317,0,0,0.7675,-0.0447,1]},
{"frame":126,"values":[1,0,0,0,0,0.0317,0.9995,0,0,-0.9995,0.0317,0,0,0.7675,-0.0451,1]},
{"frame":127,"values":[1,0,0,0,0,0.0317,0.9995,0,0,-0.9995,0.0317,0,0,0.7674,-0.0455,1]},
{"frame":128,"values":[1,0,0,0,0,0.0317,0.9995,0,0,-0.9995,0.0317,0,0,0.7674,-0.0459,1]},
{"frame":129,"values":[1,0,0,0,0,0.0317,0.9995,0,0,-0.9995,0.0317,0,0,0.7674,-0.0463,1]},
{"frame":130,"values":[1,0,0,0,0,0.0317,0.9995,0,0,-0.9995,0.0317,0,0,0.7673,-0.0467,1]},
{"frame":131,"values":[1,0,0,0,0,0.0317,0.9995,0,0,-0.9995,0.0317,0,0,0.7673,-0.0471,1]},
{"frame":132,"values":[1,0,0,0,0,0.0317,0.9995,0,0,-0.9995,0.0317,0,0,0.7673,-0.0474,1]},
{"frame":133,"values":[1,0,0,0,0,0.0317,0.9995,0,0,-0.9995,0.0317,0,0,0.7672,-0.0478,1]},
{"frame":134,"values":[1,0,0,0,0,0.0317,0.9995,0,0,-0.9995,0.0317,0,0,0.7672,-0.0481,1]},
{"frame":135,"values":[1,0,0,0,0,0.0317,0.9995,0,0,-0.9995,0.0317,0,0,0.7672,-0.0484,1]},
{"frame":136,"values":[1,0,0,0,0,0.0317,0.9995,0,0,-0.9995,0.0317,0,0,0.7672,-0.0487,1]},
{"frame":137,"values":[1,0,0,0,0,0.0317,0.9995,0,0,-0.9995,0.0317,0,0,0.7671,-0.049,1]},
{"frame":138,"values":[1,0,0,0,0,0.0317,0.9995,0,0,-0.9995,0.0317,0,0,0.7671,-0.0492,1]},
{"frame":139,"values":[1,0,0,0,0,0.0317,0.9995,0,0,-0.9995,0.0317,0,0,0.7671,-0.0495,1]},
{"frame":140,"values":[1,0,0,0,0,0.0317,0.9995,0,0,-0.9995,0.0317,0,0,0.7671,-0.0497,1]},
{"frame":141,"values":[1,0,0,0,0,0.0317,0.9995,0,0,-0.9995,0.0317,0,0,0.7671,-0.0499,1]},
{"frame":142,"values":[1,0,0,0,0,0.0317,0.9995,0,0,-0.9995,0.0317,0,0,0.767,-0.0501,1]},
{"frame":143,"values":[1,0,0,0,0,0.0317,0.9995,0,0,-0.9995,0.0317,0,0,0.767,-0.0502,1]},
{"frame":144,"values":[1,0,0,0,0,0.0317,0.9995,0,0,-0.9995,0.0317,0,0,0.767,-0.0504,1]},
{"frame":145,"values":[1,0,0,0,0,0.0317,0.9995,0,0,-0.9995,0.0317,0,0,0.767,-0.0505,1]},
{"frame":146,"values":[1,0,0,0,0,0.0317,0.9995,0,0,-0.9995,0.0317,0,0,0.767,-0.0506,1]},
{"frame":147,"values":[1,0,0,0,0,0.0317,0.9995,0,0,-0.9995,0.0317,0,0,0.767,-0.0507,1]},
{"frame":149,"values":[1,0,0,0,0,0.0317,0.9995,0,0,-0.9995,0.0317,0,0,0.767,-0.0508,1]},
{"frame":152,"values":[1,0,0,0,0,0.0317,0.9995,0,0,-0.9995,0.0317,0,0,0.767,-0.0507,1]},
{"frame":154,"values":[1,0,0,0,0,0.0317,0.9995,0,0,-0.9995,0.0317,0,0,0.767,-0.0506,1]},
{"frame":155,"values":[1,0,0,0,0,0.0317,0.9995,0,0,-0.9995,0.0317,0,0,0.767,-0.0505,1]},
{"frame":156,"values":[1,0,0,0,0,0.0317,0.9995,0,0,-0.9995,0.0317,0,0,0.767,-0.0503,1]},
{"frame":157,"values":[1,0,0,0,0,0.0317,0.9995,0,0,-0.9995,0.0317,0,0,0.767,-0.0502,1]},
{"frame":158,"values":[1,0,0,0,0,0.0317,0.9995,0,0,-0.9995,0.0317,0,0,0.767,-0.05,1]},
{"frame":159,"values":[1,0,0,0,0,0.0317,0.9995,0,0,-0.9995,0.0317,0,0,0.7671,-0.0498,1]},
{"frame":160,"values":[1,0,0,0,0,0.0317,0.9995,0,0,-0.9995,0.0317,0,0,0.7671,-0.0496,1]},
{"frame":161,"values":[1,0,0,0,0,0.0317,0.9995,0,0,-0.9995,0.0317,0,0,0.7671,-0.0493,1]},
{"frame":162,"values":[1,0,0,0,0,0.0317,0.9995,0,0,-0.9995,0.0317,0,0,0.7671,-0.0491,1]},
{"frame":163,"values":[1,0,0,0,0,0.0317,0.9995,0,0,-0.9995,0.0317,0,0,0.7671,-0.0488,1]},
{"frame":164,"values":[1,0,0,0,0,0.0317,0.9995,0,0,-0.9995,0.0317,0,0,0.7672,-0.0484,1]},
{"frame":165,"values":[1,0,0,0,0,0.0317,0.9995,0,0,-0.9995,0.0317,0,0,0.7672,-0.0481,1]},
{"frame":166,"values":[1,0,0,0,0,0.0317,0.9995,0,0,-0.9995,0.0317,0,0,0.7672,-0.0477,1]},
{"frame":167,"values":[1,0,0,0,0,0.0317,0.9995,0,0,-0.9995,0.0317,0,0,0.7673,-0.0473,1]},
{"frame":168,"values":[1,0,0,0,0,0.0317,0.9995,0,0,-0.9995,0.0317,0,0,0.7673,-0.0469,1]},
{"frame":169,"values":[1,0,0,0,0,0.0317,0.9995,0,0,-0.9995,0.0317,0,0,0.7673,-0.0465,1]},
{"frame":170,"values":[1,0,0,0,0,0.0317,0.9995,0,0,-0.9995,0.0317,0,0,0.7674,-0.046,1]},
{"frame":171,"values":[1,0,0,0,0,0.0317,0.9995,0,0,-0.9995,0.0317,0,0,0.7674,-0.0455,1]},
{"frame":172,"values":[1,0,0,0,0,0.0317,0.9995,0,0,-0.9995,0.0317,0,0,0.7675,-0.045,1]},
{"frame":173,"values":[1,0,0,0,0,0.0317,0.9995,0,0,-0.9995,0.0317,0,0,0.7675,-0.0445,1]},
{"frame":174,"values":[1,0,0,0,0,0.0317,0.9995,0,0,-0.9995,0.0317,0,0,0.7676,-0.0439,1]},
{"frame":175,"values":[1,0,0,0,0,0.0317,0.9995,0,0,-0.9995,0.0317,0,0,0.7676,-0.0433,1]},
{"frame":176,"values":[1,0,0,0,0,0.0317,0.9995,0,0,-0.9995,0.0317,0,0,0.7677,-0.0427,1]},
{"frame":177,"values":[1,0,0,0,0,0.0317,0.9995,0,0,-0.9995,0.0317,0,0,0.7677,-0.0421,1]},
{"frame":178,"values":[1,0,0,0,0,0.0317,0.9995,0,0,-0.9995,0.0317,0,0,0.7678,-0.0415,1]},
{"frame":179,"values":[1,0,0,0,0,0.0317,0.9995,0,0,-0.9995,0.0317,0,0,0.7678,-0.0408,1]},
{"frame":180,"values":[1,0,0,0,0,0.0317,0.9995,0,0,-0.9995,0.0317,0,0,0.7679,-0.0402,1]},
{"frame":181,"values":[1,0,0,0,0,0.0317,0.9995,0,0,-0.9995,0.0317,0,0,0.7679,-0.0395,1]},
{"frame":182,"values":[1,0,0,0,0,0.0317,0.9995,0,0,-0.9995,0.0317,0,0,0.768,-0.0388,1]},
{"frame":183,"values":[1,0,0,0,0,0.0317,0.9995,0,0,-0.9995,0.0317,0,0,0.768,-0.038,1]},
{"frame":184,"values":[1,0,0,0,0,0.0317,0.9995,0,0,-0.9995,0.0317,0,0,0.7681,-0.0373,1]},
{"frame":185,"values":[1,0,0,0,0,0.0317,0.9995,0,0,-0.9995,0.0317,0,0,0.7682,-0.0365,1]},
{"frame":186,"values":[1,0,0,0,0,0.0317,0.9995,0,0,-0.9995,0.0317,0,0,0.7682,-0.0358,1]},
{"frame":187,"values":[1,0,0,0,0,0.0317,0.9995,0,0,-0.9995,0.0317,0,0,0.7683,-0.035,1]},
{"frame":188,"values":[1,0,0,0,0,0.0317,0.9995,0,0,-0.9995,0.0317,0,0,0.7684,-0.0342,1]},
{"frame":189,"values":[1,0,0,0,0,0.0317,0.9995,0,0,-0.9995,0.0317,0,0,0.7684,-0.0334,1]},
{"frame":190,"values":[1,0,0,0,0,0.0317,0.9995,0,0,-0.9995,0.0317,0,0,0.7685,-0.0325,1]},
{"frame":191,"values":[1,0,0,0,0,0.0317,0.9995,0,0,-0.9995,0.0317,0,0,0.7686,-0.0317,1]},
{"frame":192,"values":[1,0,0,0,0,0.0317,0.9995,0,0,-0.9995,0.0317,0,0,0.7686,-0.0309,1]},
{"frame":193,"values":[1,0,0,0,0,0.0317,0.9995,0,0,-0.9995,0.0317,0,0,0.7687,-0.03,1]},
{"frame":194,"values":[1,0,0,0,0,0.0317,0.9995,0,0,-0.9995,0.0317,0,0,0.7688,-0.0292,1]},
{"frame":195,"values":[1,0,0,0,0,0.0317,0.9995,0,0,-0.9995,0.0317,0,0,0.7689,-0.0283,1]},
{"frame":196,"values":[1,0,0,0,0,0.0317,0.9995,0,0,-0.9995,0.0317,0,0,0.7689,-0.0274,1]},
{"frame":197,"values":[1,0,0,0,0,0.0317,0.9995,0,0,-0.9995,0.0317,0,0,0.769,-0.0265,1]},
{"frame":198,"values":[1,0,0,0,0,0.0317,0.9995,0,0,-0.9995,0.0317,0,0,0.7691,-0.0257,1]},
{"frame":199,"values":[1,0,0,0,0,0.0317,0.9995,0,0,-0.9995,0.0317,0,0,0.7692,-0.0248,1]},
{"frame":200,"values":[1,0,0,0,0,0.0317,0.9995,0,0,-0.9995,0.0317,0,0,0.7692,-0.0239,1]},
{"frame":201,"values":[1,0,0,0,0,0.0317,0.9995,0,0,-0.9995,0.0317,0,0,0.7693,-0.023,1]},
{"frame":202,"values":[1,0,0,0,0,0.0317,0.9995,0,0,-0.9995,0.0317,0,0,0.7694,-0.0221,1]},
{"frame":203,"values":[1,0,0,0,0,0.0317,0.9995,0,0,-0.9995,0.0317,0,0,0.7695,-0.0213,1]},
{"frame":204,"values":[1,0,0,0,0,0.0317,0.9995,0,0,-0.9995,0.0317,0,0,0.7695,-0.0204,1]},
{"frame":205,"values":[1,0,0,0,0,0.0317,0.9995,0,0,-0.9995,0.0317,0,0,0.7696,-0.0195,1]},
{"frame":206,"values":[1,0,0,0,0,0.0317,0.9995,0,0,-0.9995,0.0317,0,0,0.7697,-0.0187,1]},
{"frame":207,"values":[1,0,0,0,0,0.0317,0.9995,0,0,-0.9995,0.0317,0,0,0.7697,-0.0178,1]},
{"frame":208,"values":[1,0,0,0,0,0.0317,0.9995,0,0,-0.9995,0.0317,0,0,0.7698,-0.0169,1]},
{"frame":209,"values":[1,0,0,0,0,0.0317,0.9995,0,0,-0.9995,0.0317,0,0,0.7699,-0.0161,1]},
{"frame":210,"values":[1,0,0,0,0,0.0317,0.9995,0,0,-0.9995,0.0317,0,0,0.77,-0.0153,1]},
{"frame":211,"values":[1,0,0,0,0,0.0317,0.9995,0,0,-0.9995,0.0317,0,0,0.77,-0.0144,1]},
{"frame":212,"values":[1,0,0,0,0,0.0317,0.9995,0,0,-0.9995,0.0317,0,0,0.7701,-0.0136,1]},
{"frame":213,"values":[1,0,0,0,0,0.0317,0.9995,0,0,-0.9995,0.0317,0,0,0.7702,-0.0128,1]},
{"frame":214,"values":[1,0,0,0,0,0.0317,0.9995,0,0,-0.9995,0.0317,0,0,0.7702,-0.012,1]},
{"frame":215,"values":[1,0,0,0,0,0.0317,0.9995,0,0,-0.9995,0.0317,0,0,0.7703,-0.0113,1]},
{"frame":216,"values":[1,0,0,0,0,0.0317,0.9995,0,0,-0.9995,0.0317,0,0,0.7704,-0.0105,1]},
{"frame":217,"values":[1,0,0,0,0,0.0317,0.9995,0,0,-0.9995,0.0317,0,0,0.7704,-0.0098,1]},
{"frame":218,"values":[1,0,0,0,0,0.0317,0.9995,0,0,-0.9995,0.0317,0,0,0.7705,-0.009,1]},
{"frame":219,"values":[1,0,0,0,0,0.0317,0.9995,0,0,-0.9995,0.0317,0,0,0.7705,-0.0083,1]},
{"frame":220,"values":[1,0,0,0,0,0.0317,0.9995,0,0,-0.9995,0.0317,0,0,0.7706,-0.0076,1]},
{"frame":221,"values":[1,0,0,0,0,0.0317,0.9995,0,0,-0.9995,0.0317,0,0,0.7707,-0.007,1]},
{"frame":222,"values":[1,0,0,0,0,0.0317,0.9995,0,0,-0.9995,0.0317,0,0,0.7707,-0.0063,1]},
{"frame":223,"values":[1,0,0,0,0,0.0317,0.9995,0,0,-0.9995,0.0317,0,0,0.7708,-0.0057,1]},
{"frame":224,"values":[1,0,0,0,0,0.0317,0.9995,0,0,-0.9995,0.0317,0,0,0.7708,-0.0051,1]},
{"frame":225,"values":[1,0,0,0,0,0.0317,0.9995,0,0,-0.9995,0.0317,0,0,0.7709,-0.0045,1]},
{"frame":226,"values":[1,0,0,0,0,0.0317,0.9995,0,0,-0.9995,0.0317,0,0,0.7709,-0.0039,1]},
{"frame":227,"values":[1,0,0,0,0,0.0317,0.9995,0,0,-0.9995,0.0317,0,0,0.771,-0.0033,1]},
{"frame":228,"values":[1,0,0,0,0,0.0317,0.9995,0,0,-0.9995,0.0317,0,0,0.771,-0.0028,1]},
{"frame":229,"values":[1,0,0,0,0,0.0317,0.9995,0,0,-0.9995,0.0317,0,0,0.7711,-0.0023,1]},
{"frame":230,"values":[1,0,0,0,0,0.0317,0.9995,0,0,-0.9995,0.0317,0,0,0.7711,-0.0018,1]},
{"frame":231,"values":[1,0,0,0,0,0.0317,0.9995,0,0,-0.9995,0.0317,0,0,0.7711,-0.0013,1]},
{"frame":232,"values":[1,0,0,0,0,0.0317,0.9995,0,0,-0.9995,0.0317,0,0,0.7712,-0.0009,1]},
{"frame":233,"values":[1,0,0,0,0,0.0317,0.9995,0,0,-0.9995,0.0317,0,0,0.7712,-0.0005,1]},
{"frame":234,"values":[1,0,0,0,0,0.0317,0.9995,0,0,-0.9995,0.0317,0,0,0.7712,-0.0001,1]},
{"frame":235,"values":[1,0,0,0,0,0.0317,0.9995,0,0,-0.9995,0.0317,0,0,0.7713,0.0003,1]},
{"frame":236,"values":[1,0,0,0,0,0.0317,0.9995,0,0,-0.9995,0.0317,0,0,0.7713,0.0006,1]},
{"frame":237,"values":[1,0,0,0,0,0.0317,0.9995,0,0,-0.9995,0.0317,0,0,0.7713,0.0009,1]},
{"frame":238,"values":[1,0,0,0,0,0.0317,0.9995,0,0,-0.9995,0.0317,0,0,0.7713,0.0012,1]},
{"frame":239,"values":[1,0,0,0,0,0.0317,0.9995,0,0,-0.9995,0.0317,0,0,0.7714,0.0015,1]},
{"frame":240,"values":[1,0,0,0,0,0.0317,0.9995,0,0,-0.9995,0.0317,0,0,0.7714,0.0018,1]},
{"frame":241,"values":[1,0,0,0,0,0.0317,0.9995,0,0,-0.9995,0.0317,0,0,0.7714,0.002,1]},
{"frame":242,"values":[1,0,0,0,0,0.0317,0.9995,0,0,-0.9995,0.0317,0,0,0.7714,0.0022,1]},
{"frame":243,"values":[1,0,0,0,0,0.0317,0.9995,0,0,-0.9995,0.0317,0,0,0.7714,0.0024,1]},
{"frame":244,"values":[1,0,0,0,0,0.0317,0.9995,0,0,-0.9995,0.0317,0,0,0.7715,0.0025,1]},
{"frame":245,"values":[1,0,0,0,0,0.0317,0.9995,0,0,-0.9995,0.0317,0,0,0.7715,0.0027,1]},
{"frame":246,"values":[1,0,0,0,0,0.0317,0.9995,0,0,-0.9995,0.0317,0,0,0.7715,0.0028,1]},
{"frame":247,"values":[1,0,0,0,0,0.0317,0.9995,0,0,-0.9995,0.0317,0,0,0.7715,0.0029,1]},
{"frame":249,"values":[1,0,0,0,0,0.0317,0.9995,0,0,-0.9995,0.0317,0,0,0.7715,0.003,1]},
{"frame":250,"values":[1,0,0,0,0,0.0317,0.9995,0,0,-0.9995,0.0317,0,0,0.7715,0.003,1]}],"loopBehavior":1,"name":"anim","property":"_matrix"}},
{"name":"spine_01","index":2,"matrix":[1,0,0,0,0,-0.2861,-0.9582,0,0,0.9582,-0.2861,0,0,0.0573,0,1],"rest":[1,0,0,0,0,-0.2862,-0.9581,0,0,0.9582,-0.2861,0,0,0.0573,0,1],"parentBoneIndex":1,"length":0.0391
,"animation":{"dataType":3,"framePerSecond":60,"keys":[
{"frame":0,"values":[1,0,0,0,0,0.0083,-1,0,0,1,0.0083,0,0,0.0573,0,1]},
{"frame":1,"values":[1,0,0,0,0,0.0089,-1,0,0,1,0.0089,0,0,0.0573,0,1]},
{"frame":2,"values":[1,0,0,0,0,0.0103,-0.9999,0,0,0.9999,0.0103,0,0,0.0573,0,1]},
{"frame":3,"values":[1,0,0,0,0,0.0118,-0.9999,0,0,0.9999,0.0118,0,0,0.0573,0,1]},
{"frame":4,"values":[1,0,0,0,0,0.0124,-0.9999,0,0,0.9999,0.0124,0,0,0.0573,0,1]},
{"frame":5,"values":[1,0,0,0,0,0.0119,-0.9999,0,0,0.9999,0.0119,0,0,0.0573,0,1]},
{"frame":6,"values":[1,0,0,0,0,0.0106,-0.9999,0,0,0.9999,0.0106,0,0,0.0573,0,1]},
{"frame":7,"values":[1,0,0,0,0,0.0083,-1,0,0,1,0.0083,0,0,0.0573,0,1]},
{"frame":8,"values":[1,0,0,0,0,0.0052,-1,0,0,1,0.0052,0,0,0.0573,0,1]},
{"frame":9,"values":[1,0,0,0,0,0.0013,-1,0,0,1,0.0013,0,0,0.0573,0,1]},
{"frame":10,"values":[1,0,0,0,0,-0.0031,-1,0,0,1,-0.0031,0,0,0.0573,0,1]},
{"frame":11,"values":[1,0,0,0,0,-0.008,-1,0,0,1,-0.008,0,0,0.0573,0,1]},
{"frame":12,"values":[1,0,0,0,0,-0.0129,-0.9999,0,0,0.9999,-0.0129,0,0,0.0573,0,1]},
{"frame":13,"values":[1,0,0,0,0,-0.0178,-0.9998,0,0,0.9998,-0.0178,0,0,0.0573,0,1]},
{"frame":14,"values":[1,0,0,0,0,-0.0222,-0.9998,0,0,0.9998,-0.0222,0,0,0.0573,0,1]},
{"frame":15,"values":[1,0,0,0,0,-0.0261,-0.9997,0,0,0.9997,-0.0261,0,0,0.0573,0,1]},
{"frame":16,"values":[1,0,0,0,0,-0.0292,-0.9996,0,0,0.9996,-0.0292,0,0,0.0573,0,1]},
{"frame":17,"values":[1,0,0,0,0,-0.0314,-0.9995,0,0,0.9995,-0.0314,0,0,0.0573,0,1]},
{"frame":18,"values":[1,0,0,0,0,-0.0328,-0.9995,0,0,0.9995,-0.0328,0,0,0.0573,0,1]},
{"frame":19,"values":[1,0,0,0,0,-0.0332,-0.9994,0,0,0.9994,-0.0332,0,0,0.0573,0,1]},
{"frame":20,"values":[1,0,0,0,0,-0.0325,-0.9995,0,0,0.9995,-0.0325,0,0,0.0573,0,1]},
{"frame":21,"values":[1,0,0,0,0,-0.0302,-0.9995,0,0,0.9995,-0.0302,0,0,0.0573,0,1]},
{"frame":22,"values":[1,0,0,0,0,-0.0264,-0.9997,0,0,0.9997,-0.0264,0,0,0.0573,0,1]},
{"frame":23,"values":[1,0,0,0,0,-0.0214,-0.9998,0,0,0.9998,-0.0214,0,0,0.0573,0,1]},
{"frame":24,"values":[1,0,0,0,0,-0.0156,-0.9999,0,0,0.9999,-0.0156,0,0,0.0573,0,1]},
{"frame":25,"values":[1,0,0,0,0,-0.0094,-1,0,0,1,-0.0094,0,0,0.0573,0,1]},
{"frame":26,"values":[1,0,0,0,0,-0.0035,-1,0,0,1,-0.0035,0,0,0.0573,0,1]},
{"frame":27,"values":[1,0,0,0,0,0.0015,-1,0,0,1,0.0015,0,0,0.0573,0,1]},
{"frame":28,"values":[1,0,0,0,0,0.0052,-1,0,0,1,0.0052,0,0,0.0573,0,1]},
{"frame":29,"values":[1,0,0,0,0,0.0075,-1,0,0,1,0.0075,0,0,0.0573,0,1]},
{"frame":30,"values":[1,0,0,0,0,0.0083,-1,0,0,1,0.0083,0,0,0.0573,0,1]},
{"frame":41,"values":[1,0,0,0,0,-0.2861,-0.9582,0,0,0.9582,-0.2861,0,0,0.0573,0,1]},
{"frame":44,"values":[1,0,0,0,0,-0.2861,-0.9582,0,0,0.9582,-0.2861,0,0,0.0573,0,1]},
{"frame":44,"values":[1,0,0,0,0,-0.2861,-0.9582,0,0,0.9582,-0.2861,0,0,0.0573,0,1]},
{"frame":250,"values":[1,0,0,0,0,-0.2861,-0.9582,0,0,0.9582,-0.2861,0,0,0.0573,0,1]}],"loopBehavior":1,"name":"anim","property":"_matrix"}},
{"name":"spine_02","index":3,"matrix":[1,0,0,0,0,0.9863,0.1649,0,0,-0.1649,0.9863,0,0,0.0391,0,1],"rest":[1,0,0,0,0,0.9863,0.1649,0,0,-0.1649,0.9863,0,0,0.0391,0,1],"parentBoneIndex":2,"length":0.0456
,"animation":{"dataType":3,"framePerSecond":60,"keys":[
{"frame":0,"values":[1,0,0,0,0,0.9854,0.1704,0,0,-0.1704,0.9854,0,0,0.0391,0,1]},
{"frame":1,"values":[1,0,0,0,0,0.9855,0.1696,0,0,-0.1696,0.9855,0,0,0.0391,0,1]},
{"frame":2,"values":[1,0,0,0,0,0.9858,0.1676,0,0,-0.1676,0.9858,0,0,0.0391,0,1]},
{"frame":3,"values":[1,0,0,0,0,0.9862,0.1656,0,0,-0.1656,0.9862,0,0,0.0391,0,1]},
{"frame":4,"values":[1,0,0,0,0,0.9863,0.1649,0,0,-0.1649,0.9863,0,0,0.0391,0,1]},
{"frame":5,"values":[1,0,0,0,0,0.9862,0.1655,0,0,-0.1655,0.9862,0,0,0.0391,0,1]},
{"frame":6,"values":[1,0,0,0,0,0.9859,0.1673,0,0,-0.1673,0.9859,0,0,0.0391,0,1]},
{"frame":7,"values":[1,0,0,0,0,0.9854,0.1704,0,0,-0.1704,0.9854,0,0,0.0391,0,1]},
{"frame":8,"values":[1,0,0,0,0,0.9846,0.1746,0,0,-0.1746,0.9846,0,0,0.0391,0,1]},
{"frame":9,"values":[1,0,0,0,0,0.9837,0.1799,0,0,-0.1799,0.9837,0,0,0.0391,0,1]},
{"frame":10,"values":[1,0,0,0,0,0.9826,0.1859,0,0,-0.1859,0.9826,0,0,0.0391,0,1]},
{"frame":11,"values":[1,0,0,0,0,0.9813,0.1925,0,0,-0.1925,0.9813,0,0,0.0391,0,1]},
{"frame":12,"values":[1,0,0,0,0,0.98,0.1992,0,0,-0.1992,0.98,0,0,0.0391,0,1]},
{"frame":13,"values":[1,0,0,0,0,0.9786,0.2058,0,0,-0.2058,0.9786,0,0,0.0391,0,1]},
{"frame":14,"values":[1,0,0,0,0,0.9773,0.2118,0,0,-0.2118,0.9773,0,0,0.0391,0,1]},
{"frame":15,"values":[1,0,0,0,0,0.9762,0.217,0,0,-0.217,0.9762,0,0,0.0391,0,1]},
{"frame":16,"values":[1,0,0,0,0,0.9752,0.2212,0,0,-0.2212,0.9752,0,0,0.0391,0,1]},
{"frame":17,"values":[1,0,0,0,0,0.9745,0.2242,0,0,-0.2242,0.9745,0,0,0.0391,0,1]},
{"frame":18,"values":[1,0,0,0,0,0.9741,0.226,0,0,-0.226,0.9741,0,0,0.0391,0,1]},
{"frame":19,"values":[1,0,0,0,0,0.974,0.2266,0,0,-0.2266,0.974,0,0,0.0391,0,1]},
{"frame":20,"values":[1,0,0,0,0,0.9742,0.2256,0,0,-0.2256,0.9742,0,0,0.0391,0,1]},
{"frame":21,"values":[1,0,0,0,0,0.9749,0.2225,0,0,-0.2225,0.9749,0,0,0.0391,0,1]},
{"frame":22,"values":[1,0,0,0,0,0.9761,0.2174,0,0,-0.2174,0.9761,0,0,0.0391,0,1]},
{"frame":23,"values":[1,0,0,0,0,0.9776,0.2107,0,0,-0.2107,0.9776,0,0,0.0391,0,1]},
{"frame":24,"values":[1,0,0,0,0,0.9792,0.2028,0,0,-0.2028,0.9792,0,0,0.0391,0,1]},
{"frame":25,"values":[1,0,0,0,0,0.9809,0.1944,0,0,-0.1944,0.9809,0,0,0.0391,0,1]},
{"frame":26,"values":[1,0,0,0,0,0.9825,0.1865,0,0,-0.1865,0.9825,0,0,0.0391,0,1]},
{"frame":27,"values":[1,0,0,0,0,0.9837,0.1797,0,0,-0.1797,0.9837,0,0,0.0391,0,1]},
{"frame":28,"values":[1,0,0,0,0,0.9846,0.1745,0,0,-0.1745,0.9846,0,0,0.0391,0,1]},
{"frame":29,"values":[1,0,0,0,0,0.9852,0.1714,0,0,-0.1714,0.9852,0,0,0.0391,0,1]},
{"frame":30,"values":[1,0,0,0,0,0.9854,0.1704,0,0,-0.1704,0.9854,0,0,0.0391,0,1]},
{"frame":41,"values":[1,0,0,0,0,0.9863,0.1649,0,0,-0.1649,0.9863,0,0,0.0391,0,1]},
{"frame":44,"values":[1,0,0,0,0,0.9863,0.1649,0,0,-0.1649,0.9863,0,0,0.0391,0,1]},
{"frame":44,"values":[1,0,0,0,0,0.9863,0.1649,0,0,-0.1649,0.9863,0,0,0.0391,0,1]},
{"frame":250,"values":[1,0,0,0,0,0.9863,0.1649,0,0,-0.1649,0.9863,0,0,0.0391,0,1]}],"loopBehavior":1,"name":"anim","property":"_matrix"}},
{"name":"spine_03","index":4,"matrix":[1,0,0,0,0,0.9949,0.1011,0,0,-0.1011,0.9949,0,0,0.0456,0,1],"rest":[1,0,0,0,0,0.9949,0.1011,0,0,-0.1011,0.9949,0,0,0.0456,0,1],"parentBoneIndex":3,"length":0.2667
,"animation":{"dataType":3,"framePerSecond":60,"keys":[
{"frame":0,"values":[0.9483,0.0675,-0.31,0,0,0.9771,0.2128,0,0.3173,-0.2018,0.9266,0,0,0.0456,0,1]},
{"frame":1,"values":[0.9455,0.0693,-0.3182,0,0,0.9771,0.2128,0,0.3256,-0.2012,0.9238,0,0,0.0456,0,1]},
{"frame":2,"values":[0.9378,0.0739,-0.3393,0,0,0.9771,0.2128,0,0.3472,-0.1996,0.9163,0,0,0.0456,0,1]},
{"frame":3,"values":[0.9296,0.0784,-0.3601,0,0,0.9771,0.2128,0,0.3686,-0.1978,0.9083,0,0,0.0456,0,1]},
{"frame":4,"values":[0.9264,0.0801,-0.368,0,0,0.9771,0.2128,0,0.3766,-0.1971,0.9051,0,0,0.0456,0,1]},
{"frame":5,"values":[0.929,0.0788,-0.3617,0,0,0.9771,0.2128,0,0.3702,-0.1977,0.9077,0,0,0.0456,0,1]},
{"frame":6,"values":[0.9366,0.0746,-0.3425,0,0,0.9771,0.2128,0,0.3505,-0.1993,0.9151,0,0,0.0456,0,1]},
{"frame":7,"values":[0.9483,0.0675,-0.31,0,0,0.9771,0.2128,0,0.3173,-0.2018,0.9266,0,0,0.0456,0,1]},
{"frame":8,"values":[0.9627,0.0576,-0.2644,0,0,0.9771,0.2128,0,0.2706,-0.2049,0.9406,0,0,0.0456,0,1]},
{"frame":9,"values":[0.9774,0.045,-0.2064,0,0,0.9771,0.2128,0,0.2113,-0.208,0.955,0,0,0.0456,0,1]},
{"frame":10,"values":[0.99,0.0301,-0.1381,0,0,0.9771,0.2128,0,0.1413,-0.2107,0.9673,0,0,0.0456,0,1]},
{"frame":11,"values":[0.9979,0.0137,-0.0627,0,0,0.9771,0.2128,0,0.0642,-0.2124,0.9751,0,0,0.0456,0,1]},
{"frame":12,"values":[0.9999,-0.0033,0.0153,0,0,0.9771,0.2128,0,-0.0156,-0.2128,0.977,0,0,0.0456,0,1]},
{"frame":13,"values":[0.9957,-0.0198,0.0909,0,0,0.9771,0.2128,0,-0.0931,-0.2119,0.9729,0,0,0.0456,0,1]},
{"frame":14,"values":[0.9865,-0.0348,0.1598,0,0,0.9771,0.2128,0,-0.1635,-0.2099,0.9639,0,0,0.0456,0,1]},
{"frame":15,"values":[0.9747,-0.0476,0.2184,0,0,0.9771,0.2128,0,-0.2235,-0.2074,0.9524,0,0,0.0456,0,1]},
{"frame":16,"values":[0.9626,-0.0576,0.2647,0,0,0.9771,0.2128,0,-0.2709,-0.2048,0.9406,0,0,0.0456,0,1]},
{"frame":17,"values":[0.9525,-0.0648,0.2977,0,0,0.9771,0.2128,0,-0.3046,-0.2027,0.9307,0,0,0.0456,0,1]},
{"frame":18,"values":[0.9458,-0.0691,0.3172,0,0,0.9771,0.2128,0,-0.3246,-0.2013,0.9242,0,0,0.0456,0,1]},
{"frame":19,"values":[0.9436,-0.0705,0.3236,0,0,0.9771,0.2128,0,-0.3312,-0.2008,0.9219,0,0,0.0456,0,1]},
{"frame":20,"values":[0.9474,-0.0681,0.3127,0,0,0.9771,0.2128,0,-0.32,-0.2016,0.9257,0,0,0.0456,0,1]},
{"frame":21,"values":[0.9583,-0.0608,0.2794,0,0,0.9771,0.2128,0,-0.2859,-0.2039,0.9363,0,0,0.0456,0,1]},
{"frame":22,"values":[0.9735,-0.0487,0.2236,0,0,0.9771,0.2128,0,-0.2288,-0.2071,0.9512,0,0,0.0456,0,1]},
{"frame":23,"values":[0.9886,-0.0321,0.1474,0,0,0.9771,0.2128,0,-0.1508,-0.2104,0.9659,0,0,0.0456,0,1]},
{"frame":24,"values":[0.9983,-0.0123,0.0563,0,0,0.9771,0.2128,0,-0.0577,-0.2124,0.9755,0,0,0.0456,0,1]},
{"frame":25,"values":[0.9991,0.0088,-0.0403,0,0,0.9771,0.2128,0,0.0413,-0.2126,0.9763,0,0,0.0456,0,1]},
{"frame":26,"values":[0.9909,0.0287,-0.1318,0,0,0.9771,0.2128,0,0.1349,-0.2108,0.9682,0,0,0.0456,0,1]},
{"frame":27,"values":[0.9769,0.0454,-0.2087,0,0,0.9771,0.2128,0,0.2135,-0.2079,0.9546,0,0,0.0456,0,1]},
{"frame":28,"values":[0.9625,0.0577,-0.2651,0,0,0.9771,0.2128,0,0.2714,-0.2048,0.9404,0,0,0.0456,0,1]},
{"frame":29,"values":[0.952,0.0651,-0.299,0,0,0.9771,0.2128,0,0.306,-0.2026,0.9302,0,0,0.0456,0,1]},
{"frame":30,"values":[0.9483,0.0675,-0.31,0,0,0.9771,0.2128,0,0.3173,-0.2018,0.9266,0,0,0.0456,0,1]},
{"frame":41,"values":[1,0,0,0,0,0.9949,0.1011,0,0,-0.1011,0.9949,0,0,0.0456,0,1]},
{"frame":44,"values":[1,0,0,0,0,0.9949,0.1011,0,0,-0.1011,0.9949,0,0,0.0456,0,1]},
{"frame":44,"values":[1,0,0,0,0,0.9949,0.1011,0,0,-0.1011,0.9949,0,0,0.0456,0,1]},
{"frame":52,"values":[1,0,0,0,0,0.9949,0.1013,0,0,-0.1013,0.9949,0,0,0.0456,0,1]},
{"frame":53,"values":[1,0,0,0,0,0.9948,0.1018,0,0,-0.1018,0.9948,0,0,0.0456,0,1]},
{"frame":54,"values":[1,0,0,0,0,0.9947,0.1025,0,0,-0.1025,0.9947,0,0,0.0456,0,1]},
{"frame":55,"values":[1,0,0,0,0,0.9946,0.1034,0,0,-0.1034,0.9946,0,0,0.0456,0,1]},
{"frame":56,"values":[1,0,0,0,0,0.9945,0.1044,0,0,-0.1044,0.9945,0,0,0.0456,0,1]},
{"frame":57,"values":[1,0,0,0,0,0.9944,0.1055,0,0,-0.1055,0.9944,0,0,0.0456,0,1]},
{"frame":58,"values":[1,0,0,0,0,0.9943,0.1068,0,0,-0.1068,0.9943,0,0,0.0456,0,1]},
{"frame":59,"values":[1,0,0,0,0,0.9941,0.1081,0,0,-0.1081,0.9941,0,0,0.0456,0,1]},
{"frame":60,"values":[1,0,0,0,0,0.994,0.1094,0,0,-0.1094,0.994,0,0,0.0456,0,1]},
{"frame":61,"values":[1,0,0,0,0,0.9938,0.1109,0,0,-0.1109,0.9938,0,0,0.0456,0,1]},
{"frame":62,"values":[1,0,0,0,0,0.9937,0.1123,0,0,-0.1123,0.9937,0,0,0.0456,0,1]},
{"frame":63,"values":[1,0,0,0,0,0.9935,0.1138,0,0,-0.1138,0.9935,0,0,0.0456,0,1]},
{"frame":64,"values":[1,0,0,0,0,0.9933,0.1154,0,0,-0.1154,0.9933,0,0,0.0456,0,1]},
{"frame":65,"values":[1,0,0,0,0,0.9931,0.1169,0,0,-0.1169,0.9931,0,0,0.0456,0,1]},
{"frame":66,"values":[1,0,0,0,0,0.9929,0.1185,0,0,-0.1185,0.9929,0,0,0.0456,0,1]},
{"frame":67,"values":[1,0,0,0,0,0.9928,0.1202,0,0,-0.1202,0.9928,0,0,0.0456,0,1]},
{"frame":68,"values":[1,0,0,0,0,0.9926,0.1218,0,0,-0.1218,0.9926,0,0,0.0456,0,1]},
{"frame":69,"values":[1,0,0,0,0,0.9923,0.1235,0,0,-0.1235,0.9923,0,0,0.0456,0,1]},
{"frame":70,"values":[1,0,0,0,0,0.9921,0.1251,0,0,-0.1251,0.9921,0,0,0.0456,0,1]},
{"frame":71,"values":[1,0,0,0,0,0.9919,0.1268,0,0,-0.1268,0.9919,0,0,0.0456,0,1]},
{"frame":72,"values":[1,0,0,0,0,0.9917,0.1285,0,0,-0.1285,0.9917,0,0,0.0456,0,1]},
{"frame":73,"values":[1,0,0,0,0,0.9915,0.1302,0,0,-0.1302,0.9915,0,0,0.0456,0,1]},
{"frame":74,"values":[1,0,0,0,0,0.9913,0.1319,0,0,-0.1319,0.9913,0,0,0.0456,0,1]},
{"frame":75,"values":[1,0,0,0,0,0.991,0.1336,0,0,-0.1336,0.991,0,0,0.0456,0,1]},
{"frame":76,"values":[1,0,0,0,0,0.9908,0.1354,0,0,-0.1354,0.9908,0,0,0.0456,0,1]},
{"frame":77,"values":[1,0,0,0,0,0.9906,0.1371,0,0,-0.1371,0.9906,0,0,0.0456,0,1]},
{"frame":78,"values":[1,0,0,0,0,0.9903,0.1388,0,0,-0.1388,0.9903,0,0,0.0456,0,1]},
{"frame":79,"values":[1,0,0,0,0,0.9901,0.1405,0,0,-0.1405,0.9901,0,0,0.0456,0,1]},
{"frame":80,"values":[1,0,0,0,0,0.9898,0.1422,0,0,-0.1422,0.9898,0,0,0.0456,0,1]},
{"frame":81,"values":[1,0,0,0,0,0.9896,0.1439,0,0,-0.1439,0.9896,0,0,0.0456,0,1]},
{"frame":82,"values":[1,0,0,0,0,0.9893,0.1456,0,0,-0.1456,0.9893,0,0,0.0456,0,1]},
{"frame":83,"values":[1,0,0,0,0,0.9891,0.1473,0,0,-0.1473,0.9891,0,0,0.0456,0,1]},
{"frame":84,"values":[1,0,0,0,0,0.9888,0.149,0,0,-0.149,0.9888,0,0,0.0456,0,1]},
{"frame":85,"values":[1,0,0,0,0,0.9886,0.1507,0,0,-0.1507,0.9886,0,0,0.0456,0,1]},
{"frame":86,"values":[1,0,0,0,0,0.9883,0.1524,0,0,-0.1524,0.9883,0,0,0.0456,0,1]},
{"frame":87,"values":[1,0,0,0,0,0.9881,0.1541,0,0,-0.1541,0.9881,0,0,0.0456,0,1]},
{"frame":88,"values":[1,0,0,0,0,0.9878,0.1558,0,0,-0.1558,0.9878,0,0,0.0456,0,1]},
{"frame":89,"values":[1,0,0,0,0,0.9875,0.1574,0,0,-0.1574,0.9875,0,0,0.0456,0,1]},
{"frame":90,"values":[1,0,0,0,0,0.9873,0.1591,0,0,-0.1591,0.9873,0,0,0.0456,0,1]},
{"frame":91,"values":[1,0,0,0,0,0.987,0.1607,0,0,-0.1607,0.987,0,0,0.0456,0,1]},
{"frame":92,"values":[1,0,0,0,0,0.9867,0.1624,0,0,-0.1624,0.9867,0,0,0.0456,0,1]},
{"frame":93,"values":[1,0,0,0,0,0.9865,0.164,0,0,-0.164,0.9865,0,0,0.0456,0,1]},
{"frame":94,"values":[1,0,0,0,0,0.9862,0.1656,0,0,-0.1656,0.9862,0,0,0.0456,0,1]},
{"frame":95,"values":[1,0,0,0,0,0.9859,0.1672,0,0,-0.1672,0.9859,0,0,0.0456,0,1]},
{"frame":96,"values":[1,0,0,0,0,0.9857,0.1688,0,0,-0.1688,0.9857,0,0,0.0456,0,1]},
{"frame":97,"values":[1,0,0,0,0,0.9854,0.1703,0,0,-0.1703,0.9854,0,0,0.0456,0,1]},
{"frame":98,"values":[1,0,0,0,0,0.9851,0.1719,0,0,-0.1719,0.9851,0,0,0.0456,0,1]},
{"frame":99,"values":[1,0,0,0,0,0.9848,0.1734,0,0,-0.1734,0.9848,0,0,0.0456,0,1]},
{"frame":100,"values":[1,0,0,0,0,0.9846,0.175,0,0,-0.175,0.9846,0,0,0.0456,0,1]},
{"frame":101,"values":[1,0,0,0,0,0.9843,0.1765,0,0,-0.1765,0.9843,0,0,0.0456,0,1]},
{"frame":102,"values":[1,0,0,0,0,0.984,0.178,0,0,-0.178,0.984,0,0,0.0456,0,1]},
{"frame":103,"values":[1,0,0,0,0,0.9838,0.1795,0,0,-0.1795,0.9838,0,0,0.0456,0,1]},
{"frame":104,"values":[1,0,0,0,0,0.9835,0.1809,0,0,-0.1809,0.9835,0,0,0.0456,0,1]},
{"frame":105,"values":[1,0,0,0,0,0.9832,0.1824,0,0,-0.1824,0.9832,0,0,0.0456,0,1]},
{"frame":106,"values":[1,0,0,0,0,0.983,0.1838,0,0,-0.1838,0.983,0,0,0.0456,0,1]},
{"frame":107,"values":[1,0,0,0,0,0.9827,0.1852,0,0,-0.1852,0.9827,0,0,0.0456,0,1]},
{"frame":108,"values":[1,0,0,0,0,0.9824,0.1866,0,0,-0.1866,0.9824,0,0,0.0456,0,1]},
{"frame":109,"values":[1,0,0,0,0,0.9822,0.188,0,0,-0.188,0.9822,0,0,0.0456,0,1]},
{"frame":110,"values":[1,0,0,0,0,0.9819,0.1893,0,0,-0.1893,0.9819,0,0,0.0456,0,1]},
