{"producer":{"name":"Blender","version":"2.78 (sub 0)","exporter_version":"5.1.0","file":"alice.babylon"},
"autoClear":true,"clearColor":[0.0509,0.0509,0.0509],"ambientColor":[0,0,0],"gravity":[0,-9.81,0],
"materials":[{"name":"alice.hair","id":"alice.hair","ambient":[1,1,1],"diffuse":[0.8,0.8,0.8],"specular":[0,0,0],"emissive":[0,0,0],"specularPower":50,"alpha":1,"backFaceCulling":true,"checkReadyOnlyOnce":false,"maxSimultaneousLights":4, 
"diffuseTexture":{"name":"texture.png","level":1,"hasAlpha":1,"coordinatesMode":0,"uOffset":0,"vOffset":0,"uScale":1,"vScale":1,"uAng":0,"vAng":0,"wAng":0,"wrapU":1,"wrapV":1,"coordinatesIndex":0}},
{"name":"alice.Shirts","id":"alice.Shirts","ambient":[1,1,1],"diffuse":[0.8,0.8,0.8],"specular":[0,0,0],"emissive":[0,0,0],"specularPower":50,"alpha":1,"backFaceCulling":true,"checkReadyOnlyOnce":false,"maxSimultaneousLights":4},
{"name":"alice.Skirt","id":"alice.Skirt","ambient":[1,1,1],"diffuse":[0.8,0.8,0.8],"specular":[0,0,0],"emissive":[0,0,0],"specularPower":50,"alpha":1,"backFaceCulling":true,"checkReadyOnlyOnce":false,"maxSimultaneousLights":4, 
"diffuseTexture":{"name":"texture.png","level":1,"hasAlpha":1,"coordinatesMode":0,"uOffset":0,"vOffset":0,"uScale":1,"vScale":1,"uAng":0,"vAng":0,"wAng":0,"wrapU":1,"wrapV":1,"coordinatesIndex":0}},
{"name":"alice.Ribbon","id":"alice.Ribbon","ambient":[0.0668,0.0536,0.0622],"diffuse":[0.0534,0.0429,0.0497],"specular":[0,0,0],"emissive":[0,0,0],"specularPower":50,"alpha":1,"backFaceCulling":true,"checkReadyOnlyOnce":false,"maxSimultaneousLights":4},
{"name":"alice.DefaultSkin","id":"alice.DefaultSkin","ambient":[1,1,1],"diffuse":[0.8,0.8,0.8],"specular":[0,0,0],"emissive":[0,0,0],"specularPower":245,"alpha":1,"backFaceCulling":true,"checkReadyOnlyOnce":false,"maxSimultaneousLights":4, 
"diffuseTexture":{"name":"texture.png","level":1,"hasAlpha":1,"coordinatesMode":0,"uOffset":0,"vOffset":0,"uScale":1,"vScale":1,"uAng":0,"vAng":0,"wAng":0,"wrapU":1,"wrapV":1,"coordinatesIndex":0}},
{"name":"alice.shoes","id":"alice.shoes","ambient":[1,1,1],"diffuse":[0.8,0.8,0.8],"specular":[0,0,0],"emissive":[0,0,0],"specularPower":50,"alpha":1,"backFaceCulling":true,"checkReadyOnlyOnce":false,"maxSimultaneousLights":4},
{"name":"alice.socs","id":"alice.socs","ambient":[1,1,1],"diffuse":[0.8,0.8,0.8],"specular":[0,0,0],"emissive":[0,0,0],"specularPower":50,"alpha":1,"backFaceCulling":true,"checkReadyOnlyOnce":false,"maxSimultaneousLights":4, 
"diffuseTexture":{"name":"texture.png","level":1,"hasAlpha":1,"coordinatesMode":0,"uOffset":0,"vOffset":0,"uScale":1,"vScale":1,"uAng":0,"vAng":0,"wAng":0,"wrapU":1,"wrapV":1,"coordinatesIndex":0}},
{"name":"alice.Darkness","id":"alice.Darkness","ambient":[0,0,0],"diffuse":[0,0,0],"specular":[0,0,0],"emissive":[0,0,0],"specularPower":50,"alpha":1,"backFaceCulling":true,"checkReadyOnlyOnce":false,"maxSimultaneousLights":4}],
"multiMaterials":[{"name":"alice.Multimaterial#0","id":"alice.Multimaterial#0","materials":["alice.hair","alice.Shirts","alice.Skirt","alice.Skirt","alice.Ribbon"]},{"name":"alice.Multimaterial#1","id":"alice.Multimaterial#1","materials":["alice.hair","alice.Shirts","alice.Skirt","alice.Skirt","alice.Ribbon"]},{"name":"alice.Multimaterial#2","id":"alice.Multimaterial#2","materials":["alice.hair","alice.Shirts","alice.Skirt","alice.Skirt","alice.Ribbon"]},{"name":"alice.Multimaterial#3","id":"alice.Multimaterial#3","materials":["alice.DefaultSkin","alice.Shirts","alice.shoes","alice.socs"]},{"name":"alice.Multimaterial#4","id":"alice.Multimaterial#4","materials":["alice.DefaultSkin","alice.Shirts","alice.Skirt","alice.hair","alice.Darkness"]}],
"skeletons":[{"name":"alice","id":0,"dimensionsAtRest":[0.7323,1.2953,0.2422],"bones":[
{"name":"Root","index":0,"matrix":[1,0,0,0,0,1,0,0,0,0,-1,0,0,0.0036,0.0018,1],"rest":[1,0,0,0,0,1,0,0,0,0,-1,0,0,0.0036,0.0018,1],"parentBoneIndex":-1,"length":0.0659
,"animation":{"dataType":3,"framePerSecond":60,"keys":[
{"frame":0,"values":[1,0,0,0,0,1,0,0,0,0,-1,0,0,0.0036,0.0018,1]},
{"frame":30,"values":[1,0,0,0,0,1,0,0,0,0,-1,0,0,0.0036,0.0018,1]},
{"frame":41,"values":[1,0,0,0,0,1,0,0,0,0,-1,0,0,0.0036,0.0018,1]},
{"frame":44,"values":[1,0,0,0,0,1,0,0,0,0,-1,0,0,0.0036,0.0018,1]}],"loopBehavior":1,"name":"anim","property":"_matrix"}},
{"name":"pelvis","index":1,"matrix":[1,0,0,0,0,0.0317,0.9995,0,0,-0.9995,0.0317,0,0,0.7054,0.003,1],"rest":[1,0,0,0,0,0.0317,0.9995,0,0,-0.9996,0.0317,0,0,0.7715,0.003,1],"parentBoneIndex":0,"length":0.0573
,"animation":{"dataType":3,"framePerSecond":60,"keys":[
{"frame":0,"values":[1,0,0,0,0,0.0317,0.9995,0,0,-0.9995,0.0317,0,0,0.7023,0.003,1]},
{"frame":1,"values":[1,0,0,0,0,0.0317,0.9995,0,0,-0.9995,0.0317,0,0,0.703,0.003,1]},
{"frame":2,"values":[1,0,0,0,0,0.0317,0.9995,0,0,-0.9995,0.0317,0,0,0.7055,0.003,1]},
{"frame":3,"values":[1,0,0,0,0,0.0317,0.9995,0,0,-0.9995,0.0317,0,0,0.7099,0.003,1]},
{"frame":4,"values":[1,0,0,0,0,0.0317,0.9995,0,0,-0.9995,0.0317,0,0,0.7154,0.003,1]},
{"frame":5,"values":[1,0,0,0,0,0.0317,0.9995,0,0,-0.9995,0.0317,0,0,0.7224,0.003,1]},
{"frame":6,"values":[1,0,0,0,0,0.0317,0.9995,0,0,-0.9995,0.0317,0,0,0.7318,0.003,1]},
{"frame":7,"values":[1,0,0,0,0,0.0317,0.9995,0,0,-0.9995,0.0317,0,0,0.743,0.003,1]},
{"frame":8,"values":[1,0,0,0,0,0.0317,0.9995,0,0,-0.9995,0.0317,0,0,0.7548,0.003,1]},
{"frame":9,"values":[1,0,0,0,0,0.0317,0.9995,0,0,-0.9995,0.0317,0,0,0.7656,0.003,1]},
{"frame":10,"values":[1,0,0,0,0,0.0317,0.9995,0,0,-0.9995,0.0317,0,0,0.774,0.003,1]},
{"frame":11,"values":[1,0,0,0,0,0.0317,0.9995,0,0,-0.9995,0.0317,0,0,0.7791,0.003,1]},
{"frame":12,"values":[1,0,0,0,0,0.0317,0.9995,0,0,-0.9995,0.0317,0,0,0.7808,0.003,1]},
{"frame":13,"values":[1,0,0,0,0,0.0317,0.9995,0,0,-0.9995,0.0317,0,0,0.765,0.003,1]},
{"frame":14,"values":[1,0,0,0,0,0.0317,0.9995,0,0,-0.9995,0.0317,0,0,0.7312,0.003,1]},
{"frame":15,"values":[1,0,0,0,0,0.0317,0.9995,0,0,-0.9995,0.0317,0,0,0.7154,0.003,1]},
{"frame":16,"values":[1,0,0,0,0,0.0317,0.9995,0,0,-0.9995,0.0317,0,0,0.7202,0.003,1]},
{"frame":17,"values":[1,0,0,0,0,0.0317,0.9995,0,0,-0.9995,0.0317,0,0,0.7332,0.003,1]},
{"frame":18,"values":[1,0,0,0,0,0.0317,0.9995,0,0,-0.9995,0.0317,0,0,0.7476,0.003,1]},
{"frame":19,"values":[1,0,0,0,0,0.0317,0.9995,0,0,-0.9995,0.0317,0,0,0.7559,0.003,1]},
{"frame":20,"values":[1,0,0,0,0,0.0317,0.9995,0,0,-0.9995,0.0317,0,0,0.7588,0.003,1]},
{"frame":21,"values":[1,0,0,0,0,0.0317,0.9995,0,0,-0.9995,0.0317,0,0,0.7597,0.003,1]},
{"frame":22,"values":[1,0,0,0,0,0.0317,0.9995,0,0,-0.9995,0.0317,0,0,0.7602,0.003,1]},
{"frame":23,"values":[1,0,0,0,0,0.0317,0.9995,0,0,-0.9995,0.0317,0,0,0.7623,0.003,1]},
{"frame":24,"values":[1,0,0,0,0,0.0317,0.9995,0,0,-0.9995,0.0317,0,0,0.7668,0.003,1]},
{"frame":25,"values":[1,0,0,0,0,0.0317,0.9995,0,0,-0.9995,0.0317,0,0,0.7734,0.003,1]},
{"frame":26,"values":[1,0,0,0,0,0.0317,0.9995,0,0,-0.9995,0.0317,0,0,0.7788,0.003,1]},
{"frame":27,"values":[1,0,0,0,0,0.0317,0.9995,0,0,-0.9995,0.0317,0,0,0.7808,0.003,1]},
{"frame":28,"values":[1,0,0,0,0,0.0317,0.9995,0,0,-0.9995,0.0317,0,0,0.7618,0.003,1]},
{"frame":29,"values":[1,0,0,0,0,0.0317,0.9995,0,0,-0.9995,0.0317,0,0,0.7212,0.003,1]},
{"frame":30,"values":[1,0,0,0,0,0.0317,0.9995,0,0,-0.9995,0.0317,0,0,0.7023,0.003,1]},
{"frame":41,"values":[1,0,0,0,0,0.0317,0.9995,0,0,-0.9995,0.0317,0,0,0.703,0.003,1]},
{"frame":42,"values":[1,0,0,0,0,0.0317,0.9995,0,0,-0.9995,0.0317,0,0,0.7055,0.003,1]},
{"frame":43,"values":[1,0,0,0,0,0.0317,0.9995,0,0,-0.9995,0.0317,0,0,0.7099,0.003,1]},
{"frame":44,"values":[1,0,0,0,0,0.0317,0.9995,0,0,-0.9995,0.0317,0,0,0.7154,0.003,1]}],"loopBehavior":1,"name":"anim","property":"_matrix"}},
{"name":"spine_01","index":2,"matrix":[1,0,0,0,0,0.0123,-0.9999,0,0,0.9999,0.0123,0,0,0.0573,0,1],"rest":[1,0,0,0,0,-0.2862,-0.9581,0,0,0.9582,-0.2861,0,0,0.0573,0,1],"parentBoneIndex":1,"length":0.0391
,"animation":{"dataType":3,"framePerSecond":60,"keys":[
{"frame":0,"values":[1,0,0,0,0,0.0124,-0.9999,0,0,0.9999,0.0124,0,0,0.0573,0,1]},
{"frame":1,"values":[1,0,0,0,0,0.0119,-0.9999,0,0,0.9999,0.0119,0,0,0.0573,0,1]},
{"frame":2,"values":[1,0,0,0,0,0.0106,-0.9999,0,0,0.9999,0.0106,0,0,0.0573,0,1]},
{"frame":3,"values":[1,0,0,0,0,0.0083,-1,0,0,1,0.0083,0,0,0.0573,0,1]},
{"frame":4,"values":[1,0,0,0,0,0.0052,-1,0,0,1,0.0052,0,0,0.0573,0,1]},
{"frame":5,"values":[1,0,0,0,0,0.0013,-1,0,0,1,0.0013,0,0,0.0573,0,1]},
{"frame":6,"values":[1,0,0,0,0,-0.0031,-1,0,0,1,-0.0031,0,0,0.0573,0,1]},
{"frame":7,"values":[1,0,0,0,0,-0.008,-1,0,0,1,-0.008,0,0,0.0573,0,1]},
{"frame":8,"values":[1,0,0,0,0,-0.0129,-0.9999,0,0,0.9999,-0.0129,0,0,0.0573,0,1]},
{"frame":9,"values":[1,0,0,0,0,-0.0178,-0.9998,0,0,0.9998,-0.0178,0,0,0.0573,0,1]},
{"frame":10,"values":[1,0,0,0,0,-0.0222,-0.9998,0,0,0.9998,-0.0222,0,0,0.0573,0,1]},
{"frame":11,"values":[1,0,0,0,0,-0.0261,-0.9997,0,0,0.9997,-0.0261,0,0,0.0573,0,1]},
{"frame":12,"values":[1,0,0,0,0,-0.0292,-0.9996,0,0,0.9996,-0.0292,0,0,0.0573,0,1]},
{"frame":13,"values":[1,0,0,0,0,-0.0314,-0.9995,0,0,0.9995,-0.0314,0,0,0.0573,0,1]},
{"frame":14,"values":[1,0,0,0,0,-0.0328,-0.9995,0,0,0.9995,-0.0328,0,0,0.0573,0,1]},
{"frame":15,"values":[1,0,0,0,0,-0.0332,-0.9994,0,0,0.9994,-0.0332,0,0,0.0573,0,1]},
{"frame":16,"values":[1,0,0,0,0,-0.0328,-0.9995,0,0,0.9995,-0.0328,0,0,0.0573,0,1]},
{"frame":17,"values":[1,0,0,0,0,-0.0314,-0.9995,0,0,0.9995,-0.0314,0,0,0.0573,0,1]},
{"frame":18,"values":[1,0,0,0,0,-0.0292,-0.9996,0,0,0.9996,-0.0292,0,0,0.0573,0,1]},
{"frame":19,"values":[1,0,0,0,0,-0.0261,-0.9997,0,0,0.9997,-0.0261,0,0,0.0573,0,1]},
{"frame":20,"values":[1,0,0,0,0,-0.0222,-0.9998,0,0,0.9998,-0.0222,0,0,0.0573,0,1]},
{"frame":21,"values":[1,0,0,0,0,-0.0178,-0.9998,0,0,0.9998,-0.0178,0,0,0.0573,0,1]},
{"frame":22,"values":[1,0,0,0,0,-0.0129,-0.9999,0,0,0.9999,-0.0129,0,0,0.0573,0,1]},
{"frame":23,"values":[1,0,0,0,0,-0.008,-1,0,0,1,-0.008,0,0,0.0573,0,1]},
{"frame":24,"values":[1,0,0,0,0,-0.0031,-1,0,0,1,-0.0031,0,0,0.0573,0,1]},
{"frame":25,"values":[1,0,0,0,0,0.0013,-1,0,0,1,0.0013,0,0,0.0573,0,1]},
{"frame":26,"values":[1,0,0,0,0,0.0052,-1,0,0,1,0.0052,0,0,0.0573,0,1]},
{"frame":27,"values":[1,0,0,0,0,0.0083,-1,0,0,1,0.0083,0,0,0.0573,0,1]},
{"frame":28,"values":[1,0,0,0,0,0.0106,-0.9999,0,0,0.9999,0.0106,0,0,0.0573,0,1]},
{"frame":29,"values":[1,0,0,0,0,0.0119,-0.9999,0,0,0.9999,0.0119,0,0,0.0573,0,1]},
{"frame":30,"values":[1,0,0,0,0,0.0124,-0.9999,0,0,0.9999,0.0124,0,0,0.0573,0,1]},
{"frame":41,"values":[1,0,0,0,0,0.0119,-0.9999,0,0,0.9999,0.0119,0,0,0.0573,0,1]},
{"frame":42,"values":[1,0,0,0,0,0.0106,-0.9999,0,0,0.9999,0.0106,0,0,0.0573,0,1]},
{"frame":43,"values":[1,0,0,0,0,0.0083,-1,0,0,1,0.0083,0,0,0.0573,0,1]},
{"frame":44,"values":[1,0,0,0,0,0.0052,-1,0,0,1,0.0052,0,0,0.0573,0,1]}],"loopBehavior":1,"name":"anim","property":"_matrix"}},
{"name":"spine_02","index":3,"matrix":[1,0,0,0,0,0.9863,0.165,0,0,-0.165,0.9863,0,0,0.0391,0,1],"rest":[1,0,0,0,0,0.9863,0.1649,0,0,-0.1649,0.9863,0,0,0.0391,0,1],"parentBoneIndex":2,"length":0.0456
,"animation":{"dataType":3,"framePerSecond":60,"keys":[
{"frame":0,"values":[1,0,0,0,0,0.9863,0.1649,0,0,-0.1649,0.9863,0,0,0.0391,0,1]},
{"frame":1,"values":[1,0,0,0,0,0.9862,0.1655,0,0,-0.1655,0.9862,0,0,0.0391,0,1]},
{"frame":2,"values":[1,0,0,0,0,0.9859,0.1673,0,0,-0.1673,0.9859,0,0,0.0391,0,1]},
{"frame":3,"values":[1,0,0,0,0,0.9854,0.1704,0,0,-0.1704,0.9854,0,0,0.0391,0,1]},
{"frame":4,"values":[1,0,0,0,0,0.9846,0.1746,0,0,-0.1746,0.9846,0,0,0.0391,0,1]},
{"frame":5,"values":[1,0,0,0,0,0.9837,0.1799,0,0,-0.1799,0.9837,0,0,0.0391,0,1]},
{"frame":6,"values":[1,0,0,0,0,0.9826,0.1859,0,0,-0.1859,0.9826,0,0,0.0391,0,1]},
{"frame":7,"values":[1,0,0,0,0,0.9813,0.1925,0,0,-0.1925,0.9813,0,0,0.0391,0,1]},
{"frame":8,"values":[1,0,0,0,0,0.98,0.1992,0,0,-0.1992,0.98,0,0,0.0391,0,1]},
{"frame":9,"values":[1,0,0,0,0,0.9786,0.2058,0,0,-0.2058,0.9786,0,0,0.0391,0,1]},
{"frame":10,"values":[1,0,0,0,0,0.9773,0.2118,0,0,-0.2118,0.9773,0,0,0.0391,0,1]},
{"frame":11,"values":[1,0,0,0,0,0.9762,0.217,0,0,-0.217,0.9762,0,0,0.0391,0,1]},
{"frame":12,"values":[1,0,0,0,0,0.9752,0.2212,0,0,-0.2212,0.9752,0,0,0.0391,0,1]},
{"frame":13,"values":[1,0,0,0,0,0.9745,0.2242,0,0,-0.2242,0.9745,0,0,0.0391,0,1]},
{"frame":14,"values":[1,0,0,0,0,0.9741,0.226,0,0,-0.226,0.9741,0,0,0.0391,0,1]},
{"frame":15,"values":[1,0,0,0,0,0.974,0.2266,0,0,-0.2266,0.974,0,0,0.0391,0,1]},
{"frame":16,"values":[1,0,0,0,0,0.9741,0.226,0,0,-0.226,0.9741,0,0,0.0391,0,1]},
{"frame":17,"values":[1,0,0,0,0,0.9745,0.2242,0,0,-0.2242,0.9745,0,0,0.0391,0,1]},
{"frame":18,"values":[1,0,0,0,0,0.9752,0.2212,0,0,-0.2212,0.9752,0,0,0.0391,0,1]},
{"frame":19,"values":[1,0,0,0,0,0.9762,0.217,0,0,-0.217,0.9762,0,0,0.0391,0,1]},
{"frame":20,"values":[1,0,0,0,0,0.9773,0.2118,0,0,-0.2118,0.9773,0,0,0.0391,0,1]},
{"frame":21,"values":[1,0,0,0,0,0.9786,0.2058,0,0,-0.2058,0.9786,0,0,0.0391,0,1]},
{"frame":22,"values":[1,0,0,0,0,0.98,0.1992,0,0,-0.1992,0.98,0,0,0.0391,0,1]},
{"frame":23,"values":[1,0,0,0,0,0.9813,0.1925,0,0,-0.1925,0.9813,0,0,0.0391,0,1]},
{"frame":24,"values":[1,0,0,0,0,0.9826,0.1859,0,0,-0.1859,0.9826,0,0,0.0391,0,1]},
{"frame":25,"values":[1,0,0,0,0,0.9837,0.1799,0,0,-0.1799,0.9837,0,0,0.0391,0,1]},
{"frame":26,"values":[1,0,0,0,0,0.9846,0.1746,0,0,-0.1746,0.9846,0,0,0.0391,0,1]},
{"frame":27,"values":[1,0,0,0,0,0.9854,0.1704,0,0,-0.1704,0.9854,0,0,0.0391,0,1]},
{"frame":28,"values":[1,0,0,0,0,0.9859,0.1673,0,0,-0.1673,0.9859,0,0,0.0391,0,1]},
{"frame":29,"values":[1,0,0,0,0,0.9862,0.1655,0,0,-0.1655,0.9862,0,0,0.0391,0,1]},
{"frame":30,"values":[1,0,0,0,0,0.9863,0.1649,0,0,-0.1649,0.9863,0,0,0.0391,0,1]},
{"frame":41,"values":[1,0,0,0,0,0.9862,0.1655,0,0,-0.1655,0.9862,0,0,0.0391,0,1]},
{"frame":42,"values":[1,0,0,0,0,0.9859,0.1673,0,0,-0.1673,0.9859,0,0,0.0391,0,1]},
{"frame":43,"values":[1,0,0,0,0,0.9854,0.1704,0,0,-0.1704,0.9854,0,0,0.0391,0,1]},
{"frame":44,"values":[1,0,0,0,0,0.9846,0.1746,0,0,-0.1746,0.9846,0,0,0.0391,0,1]}],"loopBehavior":1,"name":"anim","property":"_matrix"}},
{"name":"spine_03","index":4,"matrix":[0.9268,0.0799,-0.367,0,0,0.9771,0.2128,0,0.3756,-0.1972,0.9055,0,0,0.0456,0,1],"rest":[1,0,0,0,0,0.9949,0.1011,0,0,-0.1011,0.9949,0,0,0.0456,0,1],"parentBoneIndex":3,"length":0.2667
,"animation":{"dataType":3,"framePerSecond":60,"keys":[
{"frame":0,"values":[0.9264,0.0801,-0.368,0,0,0.9771,0.2128,0,0.3766,-0.1971,0.9051,0,0,0.0456,0,1]},
{"frame":1,"values":[0.929,0.0788,-0.3617,0,0,0.9771,0.2128,0,0.3702,-0.1977,0.9077,0,0,0.0456,0,1]},
{"frame":2,"values":[0.9366,0.0746,-0.3425,0,0,0.9771,0.2128,0,0.3505,-0.1993,0.9151,0,0,0.0456,0,1]},
{"frame":3,"values":[0.9483,0.0675,-0.31,0,0,0.9771,0.2128,0,0.3173,-0.2018,0.9266,0,0,0.0456,0,1]},
{"frame":4,"values":[0.9627,0.0576,-0.2644,0,0,0.9771,0.2128,0,0.2706,-0.2049,0.9406,0,0,0.0456,0,1]},
{"frame":5,"values":[0.9774,0.045,-0.2064,0,0,0.9771,0.2128,0,0.2113,-0.208,0.955,0,0,0.0456,0,1]},
{"frame":6,"values":[0.99,0.0301,-0.1381,0,0,0.9771,0.2128,0,0.1413,-0.2107,0.9673,0,0,0.0456,0,1]},
{"frame":7,"values":[0.9979,0.0137,-0.0627,0,0,0.9771,0.2128,0,0.0642,-0.2124,0.9751,0,0,0.0456,0,1]},
{"frame":8,"values":[0.9999,-0.0033,0.0153,0,0,0.9771,0.2128,0,-0.0156,-0.2128,0.977,0,0,0.0456,0,1]},
{"frame":9,"values":[0.9957,-0.0198,0.0909,0,0,0.9771,0.2128,0,-0.0931,-0.2119,0.9729,0,0,0.0456,0,1]},
{"frame":10,"values":[0.9865,-0.0348,0.1598,0,0,0.9771,0.2128,0,-0.1635,-0.2099,0.9639,0,0,0.0456,0,1]},
{"frame":11,"values":[0.9747,-0.0476,0.2184,0,0,0.9771,0.2128,0,-0.2235,-0.2074,0.9524,0,0,0.0456,0,1]},
{"frame":12,"values":[0.9626,-0.0576,0.2647,0,0,0.9771,0.2128,0,-0.2709,-0.2048,0.9406,0,0,0.0456,0,1]},
{"frame":13,"values":[0.9525,-0.0648,0.2977,0,0,0.9771,0.2128,0,-0.3046,-0.2027,0.9307,0,0,0.0456,0,1]},
{"frame":14,"values":[0.9458,-0.0691,0.3172,0,0,0.9771,0.2128,0,-0.3246,-0.2013,0.9242,0,0,0.0456,0,1]},
{"frame":15,"values":[0.9436,-0.0705,0.3236,0,0,0.9771,0.2128,0,-0.3312,-0.2008,0.9219,0,0,0.0456,0,1]},
{"frame":16,"values":[0.9458,-0.0691,0.3172,0,0,0.9771,0.2128,0,-0.3246,-0.2013,0.9242,0,0,0.0456,0,1]},
{"frame":17,"values":[0.9525,-0.0648,0.2977,0,0,0.9771,0.2128,0,-0.3046,-0.2027,0.9307,0,0,0.0456,0,1]},
{"frame":18,"values":[0.9626,-0.0576,0.2647,0,0,0.9771,0.2128,0,-0.2709,-0.2048,0.9406,0,0,0.0456,0,1]},
{"frame":19,"values":[0.9747,-0.0476,0.2184,0,0,0.9771,0.2128,0,-0.2235,-0.2074,0.9524,0,0,0.0456,0,1]},
{"frame":20,"values":[0.9865,-0.0348,0.1598,0,0,0.9771,0.2128,0,-0.1635,-0.2099,0.9639,0,0,0.0456,0,1]},
{"frame":21,"values":[0.9957,-0.0198,0.0909,0,0,0.9771,0.2128,0,-0.0931,-0.2119,0.9729,0,0,0.0456,0,1]},
{"frame":22,"values":[0.9999,-0.0033,0.0153,0,0,0.9771,0.2128,0,-0.0156,-0.2128,0.977,0,0,0.0456,0,1]},
{"frame":23,"values":[0.9979,0.0137,-0.0627,0,0,0.9771,0.2128,0,0.0642,-0.2124,0.9751,0,0,0.0456,0,1]},
{"frame":24,"values":[0.99,0.0301,-0.1381,0,0,0.9771,0.2128,0,0.1413,-0.2107,0.9673,0,0,0.0456,0,1]},
{"frame":25,"values":[0.9774,0.045,-0.2064,0,0,0.9771,0.2128,0,0.2113,-0.208,0.955,0,0,0.0456,0,1]},
{"frame":26,"values":[0.9627,0.0576,-0.2644,0,0,0.9771,0.2128,0,0.2706,-0.2049,0.9406,0,0,0.0456,0,1]},
{"frame":27,"values":[0.9483,0.0675,-0.31,0,0,0.9771,0.2128,0,0.3173,-0.2018,0.9266,0,0,0.0456,0,1]},
{"frame":28,"values":[0.9366,0.0746,-0.3425,0,0,0.9771,0.2128,0,0.3505,-0.1993,0.9151,0,0,0.0456,0,1]},
{"frame":29,"values":[0.929,0.0788,-0.3617,0,0,0.9771,0.2128,0,0.3702,-0.1977,0.9077,0,0,0.0456,0,1]},
{"frame":30,"values":[0.9264,0.0801,-0.368,0,0,0.9771,0.2128,0,0.3766,-0.1971,0.9051,0,0,0.0456,0,1]},
{"frame":41,"values":[0.929,0.0788,-0.3617,0,0,0.9771,0.2128,0,0.3702,-0.1977,0.9077,0,0,0.0456,0,1]},
{"frame":42,"values":[0.9366,0.0746,-0.3425,0,0,0.9771,0.2128,0,0.3505,-0.1993,0.9151,0,0,0.0456,0,1]},
{"frame":43,"values":[0.9483,0.0675,-0.31,0,0,0.9771,0.2128,0,0.3173,-0.2018,0.9266,0,0,0.0456,0,1]},
{"frame":44,"values":[0.9627,0.0576,-0.2644,0,0,0.9771,0.2128,0,0.2706,-0.2049,0.9406,0,0,0.0456,0,1]}],"loopBehavior":1,"name":"anim","property":"_matrix"}},
{"name":"neck_01","index":5,"matrix":[1,0,0,0,0,0.9991,-0.0435,0,0,0.0435,0.9991,0,0,0.2667,0,1],"rest":[1,0,0,0,0,0.9991,-0.0435,0,0,0.0435,0.9991,0,0,0.2667,0,1],"parentBoneIndex":4,"length":0.0623
,"animation":{"dataType":3,"framePerSecond":60,"keys":[
{"frame":0,"values":[1,0,0,0,0,0.9991,-0.0435,0,0,0.0435,0.9991,0,0,0.2667,0,1]},
{"frame":30,"values":[1,0,0,0,0,0.9991,-0.0435,0,0,0.0435,0.9991,0,0,0.2667,0,1]},
{"frame":41,"values":[1,0,0,0,0,0.9991,-0.0435,0,0,0.0435,0.9991,0,0,0.2667,0,1]},
{"frame":44,"values":[1,0,0,0,0,0.9991,-0.0435,0,0,0.0435,0.9991,0,0,0.2667,0,1]}],"loopBehavior":1,"name":"anim","property":"_matrix"}},
{"name":"head","index":6,"matrix":[0.9401,-0.0898,0.3289,0,0.1049,0.9941,-0.0285,0,-0.3244,0.0613,0.9439,0,0,0.0623,0,1],"rest":[1,0,0,0,0,0.956,0.2934,0,0,-0.2934,0.956,0,0,0.0623,0,1],"parentBoneIndex":5,"length":0.1139
,"animation":{"dataType":3,"framePerSecond":60,"keys":[
{"frame":0,"values":[0.9397,-0.0901,0.3299,0,0.1053,0.994,-0.0284,0,-0.3254,0.0614,0.9436,0,0,0.0623,0,1]},
{"frame":1,"values":[0.9421,-0.0881,0.3237,0,0.1029,0.9943,-0.0288,0,-0.3193,0.0605,0.9457,0,0,0.0623,0,1]},
{"frame":2,"values":[0.9489,-0.0819,0.3048,0,0.0955,0.995,-0.0301,0,-0.3008,0.0576,0.9519,0,0,0.0623,0,1]},
{"frame":3,"values":[0.9594,-0.0714,0.2729,0,0.0832,0.996,-0.0318,0,-0.2696,0.0532,0.9615,0,0,0.0623,0,1]},
{"frame":4,"values":[0.972,-0.0566,0.2282,0,0.0659,0.9973,-0.0334,0,-0.2257,0.0475,0.973,0,0,0.0623,0,1]},
{"frame":5,"values":[0.9844,-0.0377,0.1716,0,0.0442,0.9984,-0.0344,0,-0.1701,0.0415,0.9846,0,0,0.0623,0,1]},
{"frame":6,"values":[0.9943,-0.0153,0.1051,0,0.0189,0.9992,-0.034,0,-0.1045,0.0358,0.9939,0,0,0.0623,0,1]},
{"frame":7,"values":[0.9994,0.0095,0.0321,0,-0.0085,0.9995,-0.0315,0,-0.0324,0.0312,0.999,0,0,0.0623,0,1]},
{"frame":8,"values":[0.9984,0.0354,-0.0432,0,-0.0365,0.999,-0.0269,0,0.0422,0.0285,0.9987,0,0,0.0623,0,1]},
{"frame":9,"values":[0.9914,0.0605,-0.116,0,-0.0633,0.9978,-0.0205,0,0.1145,0.0276,0.993,0,0,0.0623,0,1]},
{"frame":10,"values":[0.9797,0.0836,-0.182,0,-0.0874,0.9961,-0.0128,0,0.1802,0.0285,0.9832,0,0,0.0623,0,1]},
{"frame":11,"values":[0.9658,0.1033,-0.2379,0,-0.1076,0.9942,-0.005,0,0.236,0.0304,0.9713,0,0,0.0623,0,1]},
{"frame":12,"values":[0.952,0.1189,-0.282,0,-0.1233,0.9924,0.0021,0,0.2801,0.0328,0.9594,0,0,0.0623,0,1]},
{"frame":13,"values":[0.9407,0.1301,-0.3133,0,-0.1345,0.9909,0.0076,0,0.3115,0.035,0.9496,0,0,0.0623,0,1]},
{"frame":14,"values":[0.9334,0.1367,-0.3319,0,-0.141,0.9899,0.0111,0,0.3301,0.0364,0.9432,0,0,0.0623,0,1]},
{"frame":15,"values":[0.9308,0.1389,-0.338,0,-0.1432,0.9896,0.0123,0,0.3362,0.0369,0.9411,0,0,0.0623,0,1]},
{"frame":16,"values":[0.9334,0.1367,-0.3319,0,-0.141,0.9899,0.0111,0,0.3301,0.0364,0.9432,0,0,0.0623,0,1]},
{"frame":17,"values":[0.9407,0.1301,-0.3133,0,-0.1345,0.9909,0.0076,0,0.3115,0.035,0.9496,0,0,0.0623,0,1]},
{"frame":18,"values":[0.952,0.1189,-0.282,0,-0.1233,0.9924,0.0021,0,0.2801,0.0328,0.9594,0,0,0.0623,0,1]},
{"frame":19,"values":[0.9658,0.1033,-0.2379,0,-0.1076,0.9942,-0.005,0,0.236,0.0304,0.9713,0,0,0.0623,0,1]},
{"frame":20,"values":[0.9797,0.0836,-0.182,0,-0.0874,0.9961,-0.0128,0,0.1802,0.0285,0.9832,0,0,0.0623,0,1]},
{"frame":21,"values":[0.9914,0.0605,-0.116,0,-0.0633,0.9978,-0.0205,0,0.1145,0.0276,0.993,0,0,0.0623,0,1]},
{"frame":22,"values":[0.9984,0.0354,-0.0432,0,-0.0365,0.999,-0.0269,0,0.0422,0.0285,0.9987,0,0,0.0623,0,1]},
{"frame":23,"values":[0.9994,0.0095,0.0321,0,-0.0085,0.9995,-0.0315,0,-0.0324,0.0312,0.999,0,0,0.0623,0,1]},
{"frame":24,"values":[0.9943,-0.0153,0.1051,0,0.0189,0.9992,-0.034,0,-0.1045,0.0358,0.9939,0,0,0.0623,0,1]},
{"frame":25,"values":[0.9844,-0.0377,0.1716,0,0.0442,0.9984,-0.0344,0,-0.1701,0.0415,0.9846,0,0,0.0623,0,1]},
{"frame":26,"values":[0.972,-0.0566,0.2282,0,0.0659,0.9973,-0.0334,0,-0.2257,0.0475,0.973,0,0,0.0623,0,1]},
{"frame":27,"values":[0.9594,-0.0714,0.2729,0,0.0832,0.996,-0.0318,0,-0.2696,0.0532,0.9615,0,0,0.0623,0,1]},
{"frame":28,"values":[0.9489,-0.0819,0.3048,0,0.0955,0.995,-0.0301,0,-0.3008,0.0576,0.9519,0,0,0.0623,0,1]},
{"frame":29,"values":[0.9421,-0.0881,0.3237,0,0.1029,0.9943,-0.0288,0,-0.3193,0.0605,0.9457,0,0,0.0623,0,1]},
{"frame":30,"values":[0.9397,-0.0901,0.3299,0,0.1053,0.994,-0.0284,0,-0.3254,0.0614,0.9436,0,0,0.0623,0,1]},
{"frame":41,"values":[0.9421,-0.0881,0.3237,0,0.1029,0.9943,-0.0288,0,-0.3193,0.0605,0.9457,0,0,0.0623,0,1]},
{"frame":42,"values":[0.9489,-0.0819,0.3048,0,0.0955,0.995,-0.0301,0,-0.3008,0.0576,0.9519,0,0,0.0623,0,1]},
{"frame":43,"values":[0.9594,-0.0714,0.2729,0,0.0832,0.996,-0.0318,0,-0.2696,0.0532,0.9615,0,0,0.0623,0,1]},
{"frame":44,"values":[0.972,-0.0566,0.2282,0,0.0659,0.9973,-0.0334,0,-0.2257,0.0475,0.973,0,0,0.0623,0,1]}],"loopBehavior":1,"name":"anim","property":"_matrix"}},
{"name":"upperarm_l","index":7,"matrix":[0.2127,0.2173,0.9526,0,0.9757,0.0047,-0.2189,0,-0.052,0.9761,-0.2111,0,0,0.2667,0,1],"rest":[0.2127,0.2173,0.9526,0,0.9757,0.0047,-0.2189,0,-0.052,0.9761,-0.2111,0,0,0.2667,0,1],"parentBoneIndex":4,"length":0.1039
,"animation":{"dataType":3,"framePerSecond":60,"keys":[
{"frame":0,"values":[0.2127,0.2173,0.9526,0,0.9757,0.0047,-0.2189,0,-0.052,0.9761,-0.2111,0,0,0.2667,0,1]},
{"frame":30,"values":[0.2127,0.2173,0.9526,0,0.9757,0.0047,-0.2189,0,-0.052,0.9761,-0.2111,0,0,0.2667,0,1]},
{"frame":41,"values":[0.2127,0.2173,0.9526,0,0.9757,0.0047,-0.2189,0,-0.052,0.9761,-0.2111,0,0,0.2667,0,1]},
{"frame":44,"values":[0.2127,0.2173,0.9526,0,0.9757,0.0047,-0.2189,0,-0.052,0.9761,-0.2111,0,0,0.2667,0,1]}],"loopBehavior":1,"name":"anim","property":"_matrix"}},
{"name":"lowerarm_l","index":8,"matrix":[0.7688,0.5033,-0.3945,0,-0.5204,0.1338,-0.8434,0,-0.3717,0.8537,0.3648,0,0,0.1039,0,1],"rest":[0.8749,0.4341,0.2147,0,-0.0827,0.5708,-0.8169,0,-0.4772,0.697,0.5353,0,0,0.1039,0,1],"parentBoneIndex":7,"length":0.2456
,"animation":{"dataType":3,"framePerSecond":60,"keys":[
{"frame":0,"values":[0.7683,0.5025,-0.3964,0,-0.522,0.1336,-0.8424,0,-0.3704,0.8542,0.365,0,0,0.1039,0,1]},
{"frame":1,"values":[0.7711,0.5069,-0.3854,0,-0.5122,0.1342,-0.8483,0,-0.3783,0.8515,0.3631,0,0,0.1039,0,1]},
{"frame":2,"values":[0.7786,0.5201,-0.3512,0,-0.4813,0.1358,-0.866,0,-0.4027,0.8432,0.3561,0,0,0.1039,0,1]},
{"frame":3,"values":[0.7877,0.5416,-0.2935,0,-0.428,0.1386,-0.8931,0,-0.443,0.8291,0.341,0,0,0.1039,0,1]},
{"frame":4,"values":[0.7934,0.5689,-0.2165,0,-0.3544,0.1425,-0.9242,0,-0.4949,0.8099,0.3147,0,0,0.1039,0,1]},
{"frame":5,"values":[0.7906,0.5983,-0.13,0,-0.2677,0.1469,-0.9522,0,-0.5506,0.7877,0.2763,0,0,0.1039,0,1]},
{"frame":6,"values":[0.7785,0.6259,-0.0467,0,-0.1788,0.1498,-0.9724,0,-0.6016,0.7654,0.2286,0,0,0.1039,0,1]},
{"frame":7,"values":[0.7601,0.6494,0.0233,0,-0.0974,0.1494,-0.984,0,-0.6425,0.7456,0.1768,0,0,0.1039,0,1]},
{"frame":8,"values":[0.7402,0.6682,0.0751,0,-0.0294,0.1438,-0.9892,0,-0.6718,0.73,0.1261,0,0,0.1039,0,1]},
{"frame":9,"values":[0.7181,0.6862,0.1163,0,0.0364,0.1298,-0.9909,0,-0.695,0.7157,0.0683,0,0,0.1039,0,1]},
{"frame":10,"values":[0.6905,0.7069,0.1533,0,0.1111,0.1058,-0.9882,0,-0.7147,0.6994,-0.0055,0,0,0.1039,0,1]},
{"frame":11,"values":[0.66,0.7287,0.1827,0,0.1881,0.0752,-0.9793,0,-0.7273,0.6807,-0.0874,0,0,0.1039,0,1]},
{"frame":12,"values":[0.6312,0.7487,0.2025,0,0.2575,0.044,-0.9653,0,-0.7316,0.6614,-0.165,0,0,0.1039,0,1]},
{"frame":13,"values":[0.6088,0.7641,0.2134,0,0.3098,0.0186,-0.9506,0,-0.7303,0.6449,-0.2254,0,0,0.1039,0,1]},
{"frame":14,"values":[0.5955,0.7732,0.218,0,0.3406,0.0027,-0.9402,0,-0.7276,0.6341,-0.2617,0,0,0.1039,0,1]},
{"frame":15,"values":[0.5913,0.7761,0.2191,0,0.3503,-0.0025,-0.9366,0,-0.7264,0.6306,-0.2734,0,0,0.1039,0,1]},
{"frame":16,"values":[0.5956,0.7733,0.2172,0,0.3407,0.0017,-0.9402,0,-0.7274,0.634,-0.2625,0,0,0.1039,0,1]},
{"frame":17,"values":[0.6091,0.7647,0.2104,0,0.3103,0.0144,-0.9505,0,-0.7299,0.6443,-0.2285,0,0,0.1039,0,1]},
{"frame":18,"values":[0.6316,0.75,0.1966,0,0.2583,0.0355,-0.9654,0,-0.731,0.6605,-0.1713,0,0,0.1039,0,1]},
{"frame":19,"values":[0.6608,0.7303,0.1734,0,0.1876,0.0631,-0.9802,0,-0.7268,0.6802,-0.0953,0,0,0.1039,0,1]},
{"frame":20,"values":[0.6924,0.7077,0.1404,0,0.1054,0.0933,-0.99,0,-0.7138,0.7003,-0.01,0,0,0.1039,0,1]},
{"frame":21,"values":[0.7217,0.685,0.0992,0,0.0214,0.1212,-0.9924,0,-0.6918,0.7184,0.0729,0,0,0.1039,0,1]},
{"frame":22,"values":[0.7457,0.6642,0.0536,0,-0.056,0.1426,-0.9882,0,-0.664,0.7338,0.1436,0,0,0.1039,0,1]},
{"frame":23,"values":[0.7632,0.6461,0.007,0,-0.1223,0.1551,-0.9803,0,-0.6345,0.7473,0.1973,0,0,0.1039,0,1]},
{"frame":24,"values":[0.7776,0.6269,-0.0489,0,-0.1894,0.1593,-0.9689,0,-0.5996,0.7627,0.2426,0,0,0.1039,0,1]},
{"frame":25,"values":[0.7887,0.6025,-0.1226,0,-0.268,0.1574,-0.9505,0,-0.5534,0.7825,0.2856,0,0,0.1039,0,1]},
{"frame":26,"values":[0.7924,0.5742,-0.2059,0,-0.35,0.1515,-0.9244,0,-0.4996,0.8046,0.3211,0,0,0.1039,0,1]},
{"frame":27,"values":[0.7878,0.5458,-0.2853,0,-0.4239,0.1445,-0.8941,0,-0.4468,0.8254,0.3452,0,0,0.1039,0,1]},
{"frame":28,"values":[0.7789,0.5223,-0.3472,0,-0.4793,0.1386,-0.8666,0,-0.4045,0.8414,0.3583,0,0,0.1039,0,1]},
{"frame":29,"values":[0.7712,0.5074,-0.3845,0,-0.5118,0.1349,-0.8485,0,-0.3787,0.8511,0.3637,0,0,0.1039,0,1]},
{"frame":30,"values":[0.7683,0.5025,-0.3964,0,-0.522,0.1336,-0.8424,0,-0.3704,0.8542,0.365,0,0,0.1039,0,1]},
{"frame":41,"values":[0.7711,0.5069,-0.3854,0,-0.5122,0.1342,-0.8483,0,-0.3783,0.8515,0.3631,0,0,0.1039,0,1]},
{"frame":42,"values":[0.7786,0.5201,-0.3512,0,-0.4813,0.1358,-0.866,0,-0.4027,0.8432,0.3561,0,0,0.1039,0,1]},
{"frame":43,"values":[0.7877,0.5416,-0.2935,0,-0.428,0.1386,-0.8931,0,-0.443,0.8291,0.341,0,0,0.1039,0,1]},
{"frame":44,"values":[0.7934,0.5689,-0.2165,0,-0.3544,0.1425,-0.9242,0,-0.4949,0.8099,0.3147,0,0,0.1039,0,1]}],"loopBehavior":1,"name":"anim","property":"_matrix"}},
{"name":"hand_l","index":9,"matrix":[0.7634,-0.4826,0.4292,0,0.6321,0.6946,-0.3433,0,-0.1324,0.5334,0.8354,0,0,0.2456,0,1],"rest":[0.7623,-0.2007,0.6153,0,0.5731,0.6512,-0.4975,0,-0.3008,0.7319,0.6115,0,0,0.2456,0,1],"parentBoneIndex":8,"length":0.1711
,"animation":{"dataType":3,"framePerSecond":60,"keys":[
{"frame":0,"values":[0.7631,-0.4831,0.4293,0,0.6324,0.695,-0.3421,0,-0.1331,0.5325,0.8359,0,0,0.2456,0,1]},
{"frame":1,"values":[0.7653,-0.4801,0.4287,0,0.6306,0.6926,-0.3501,0,-0.1288,0.5383,0.8329,0,0,0.2456,0,1]},
{"frame":2,"values":[0.7721,-0.471,0.4266,0,0.6248,0.6852,-0.3744,0,-0.1159,0.5556,0.8233,0,0,0.2456,0,1]},
{"frame":3,"values":[0.7834,-0.4559,0.4224,0,0.6142,0.6715,-0.4145,0,-0.0947,0.5841,0.8061,0,0,0.2456,0,1]},
{"frame":4,"values":[0.7989,-0.4352,0.4151,0,0.5978,0.6502,-0.4689,0,-0.0659,0.6228,0.7796,0,0,0.2456,0,1]},
{"frame":5,"values":[0.818,-0.4096,0.4039,0,0.5744,0.6197,-0.5349,0,-0.0312,0.6695,0.7422,0,0,0.2456,0,1]},
{"frame":6,"values":[0.8395,-0.3808,0.3877,0,0.5434,0.5791,-0.6078,0,0.0069,0.7209,0.693,0,0,0.2456,0,1]},
{"frame":7,"values":[0.8618,-0.3507,0.3664,0,0.5052,0.5289,-0.682,0,0.0454,0.7728,0.633,0,0,0.2456,0,1]},
{"frame":8,"values":[0.8834,-0.3216,0.3407,0,0.4615,0.4714,-0.7516,0,0.0811,0.8212,0.5649,0,0,0.2456,0,1]},
{"frame":9,"values":[0.9028,-0.2955,0.3124,0,0.4153,0.4104,-0.8119,0,0.1117,0.8627,0.4932,0,0,0.2456,0,1]},
{"frame":10,"values":[0.919,-0.2736,0.2839,0,0.3702,0.3508,-0.8602,0,0.1358,0.8956,0.4237,0,0,0.2456,0,1]},
{"frame":11,"values":[0.9316,-0.2565,0.2576,0,0.3296,0.2971,-0.8962,0,0.1534,0.9197,0.3613,0,0,0.2456,0,1]},
{"frame":12,"values":[0.9407,-0.2441,0.2356,0,0.2962,0.2528,-0.921,0,0.1653,0.9362,0.3102,0,0,0.2456,0,1]},
{"frame":13,"values":[0.9467,-0.2359,0.2191,0,0.2717,0.2203,-0.9368,0,0.1727,0.9465,0.2727,0,0,0.2456,0,1]},
{"frame":14,"values":[0.9501,-0.2312,0.2092,0,0.2569,0.2007,-0.9454,0,0.1766,0.952,0.2501,0,0,0.2456,0,1]},
{"frame":15,"values":[0.9512,-0.2298,0.2058,0,0.252,0.1941,-0.948,0,0.1779,0.9537,0.2426,0,0,0.2456,0,1]},
{"frame":16,"values":[0.9502,-0.2312,0.2092,0,0.2569,0.2007,-0.9454,0,0.1766,0.952,0.2501,0,0,0.2456,0,1]},
{"frame":17,"values":[0.9467,-0.2359,0.2191,0,0.2717,0.2203,-0.9368,0,0.1727,0.9465,0.2727,0,0,0.2456,0,1]},
{"frame":18,"values":[0.9407,-0.2441,0.2356,0,0.2962,0.2528,-0.921,0,0.1653,0.9362,0.3102,0,0,0.2456,0,1]},
{"frame":19,"values":[0.9316,-0.2565,0.2576,0,0.3296,0.2971,-0.8962,0,0.1534,0.9197,0.3613,0,0,0.2456,0,1]},
{"frame":20,"values":[0.919,-0.2736,0.2839,0,0.3702,0.3508,-0.8602,0,0.1358,0.8956,0.4237,0,0,0.2456,0,1]},
{"frame":21,"values":[0.9028,-0.2955,0.3124,0,0.4153,0.4104,-0.8119,0,0.1117,0.8627,0.4932,0,0,0.2456,0,1]},
{"frame":22,"values":[0.8834,-0.3216,0.3407,0,0.4615,0.4714,-0.7516,0,0.0811,0.8212,0.5649,0,0,0.2456,0,1]},
{"frame":23,"values":[0.8618,-0.3507,0.3664,0,0.5052,0.5289,-0.682,0,0.0454,0.7728,0.633,0,0,0.2456,0,1]},
{"frame":24,"values":[0.8395,-0.3808,0.3877,0,0.5434,0.5791,-0.6078,0,0.0069,0.7209,0.693,0,0,0.2456,0,1]},
{"frame":25,"values":[0.818,-0.4096,0.4039,0,0.5744,0.6197,-0.5349,0,-0.0312,0.6695,0.7422,0,0,0.2456,0,1]},
{"frame":26,"values":[0.7989,-0.4352,0.4151,0,0.5978,0.6502,-0.4689,0,-0.0659,0.6228,0.7796,0,0,0.2456,0,1]},
{"frame":27,"values":[0.7834,-0.4559,0.4224,0,0.6142,0.6715,-0.4145,0,-0.0947,0.5841,0.8061,0,0,0.2456,0,1]},
{"frame":28,"values":[0.7721,-0.471,0.4266,0,0.6248,0.6852,-0.3744,0,-0.1159,0.5556,0.8233,0,0,0.2456,0,1]},
{"frame":29,"values":[0.7653,-0.4801,0.4287,0,0.6306,0.6926,-0.3501,0,-0.1288,0.5383,0.8329,0,0,0.2456,0,1]},
{"frame":30,"values":[0.7631,-0.4831,0.4293,0,0.6324,0.695,-0.3421,0,-0.1331,0.5325,0.8359,0,0,0.2456,0,1]},
{"frame":41,"values":[0.7653,-0.4801,0.4287,0,0.6306,0.6926,-0.3501,0,-0.1288,0.5383,0.8329,0,0,0.2456,0,1]},
{"frame":42,"values":[0.7721,-0.471,0.4266,0,0.6248,0.6852,-0.3744,0,-0.1159,0.5556,0.8233,0,0,0.2456,0,1]},
{"frame":43,"values":[0.7834,-0.4559,0.4224,0,0.6142,0.6715,-0.4145,0,-0.0947,0.5841,0.8061,0,0,0.2456,0,1]},
{"frame":44,"values":[0.7989,-0.4352,0.4151,0,0.5978,0.6502,-0.4689,0,-0.0659,0.6228,0.7796,0,0,0.2456,0,1]}],"loopBehavior":1,"name":"anim","property":"_matrix"}},
{"name":"index_01_l","index":10,"matrix":[0.8325,-0.0791,-0.5484,0,-0.0935,0.9555,-0.2799,0,0.5461,0.2843,0.788,0,0,0.1711,0,1],"rest":[0.8325,-0.0791,-0.5484,0,-0.0935,0.9555,-0.2799,0,0.5461,0.2843,0.788,0,0,0.1711,0,1],"parentBoneIndex":9,"length":0.076
,"animation":{"dataType":3,"framePerSecond":60,"keys":[
{"frame":0,"values":[0.8325,-0.0791,-0.5484,0,-0.0935,0.9555,-0.2799,0,0.5461,0.2843,0.788,0,0,0.1711,0,1]},
{"frame":30,"values":[0.8325,-0.0791,-0.5484,0,-0.0935,0.9555,-0.2799,0,0.5461,0.2843,0.788,0,0,0.1711,0,1]},
{"frame":41,"values":[0.8325,-0.0791,-0.5484,0,-0.0935,0.9555,-0.2799,0,0.5461,0.2843,0.788,0,0,0.1711,0,1]},
{"frame":44,"values":[0.8325,-0.0791,-0.5484,0,-0.0935,0.9555,-0.2799,0,0.5461,0.2843,0.788,0,0,0.1711,0,1]}],"loopBehavior":1,"name":"anim","property":"_matrix"}},
{"name":"index_02_l","index":11,"matrix":[0.3607,0.1876,0.9136,0,-0.2668,0.9594,-0.0916,0,-0.8937,-0.2107,0.3961,0,0,0.076,0,1],"rest":[0.3607,0.1876,0.9136,0,-0.2668,0.9594,-0.0916,0,-0.8937,-0.2107,0.3961,0,0,0.076,0,1],"parentBoneIndex":10,"length":0.0234
,"animation":{"dataType":3,"framePerSecond":60,"keys":[
{"frame":0,"values":[0.3607,0.1876,0.9136,0,-0.2668,0.9594,-0.0916,0,-0.8937,-0.2107,0.3961,0,0,0.076,0,1]},
{"frame":30,"values":[0.3607,0.1876,0.9136,0,-0.2668,0.9594,-0.0916,0,-0.8937,-0.2107,0.3961,0,0,0.076,0,1]},
{"frame":41,"values":[0.3607,0.1876,0.9136,0,-0.2668,0.9594,-0.0916,0,-0.8937,-0.2107,0.3961,0,0,0.076,0,1]},
{"frame":44,"values":[0.3607,0.1876,0.9136,0,-0.2668,0.9594,-0.0916,0,-0.8937,-0.2107,0.3961,0,0,0.076,0,1]}],"loopBehavior":1,"name":"anim","property":"_matrix"}},
{"name":"index_03_l","index":12,"matrix":[0.9694,0.0727,0.2344,0,-0.0985,0.9901,0.1,0,-0.2248,-0.12,0.967,0,0,0.0234,0,1],"rest":[0.9694,0.0727,0.2344,0,-0.0985,0.9901,0.1,0,-0.2248,-0.12,0.967,0,0,0.0234,0,1],"parentBoneIndex":11,"length":0.0206
,"animation":{"dataType":3,"framePerSecond":60,"keys":[
{"frame":0,"values":[0.9694,0.0727,0.2344,0,-0.0985,0.9901,0.1,0,-0.2248,-0.12,0.967,0,0,0.0234,0,1]},
{"frame":30,"values":[0.9694,0.0727,0.2344,0,-0.0985,0.9901,0.1,0,-0.2248,-0.12,0.967,0,0,0.0234,0,1]},
{"frame":41,"values":[0.9694,0.0727,0.2344,0,-0.0985,0.9901,0.1,0,-0.2248,-0.12,0.967,0,0,0.0234,0,1]},
{"frame":44,"values":[0.9694,0.0727,0.2344,0,-0.0985,0.9901,0.1,0,-0.2248,-0.12,0.967,0,0,0.0234,0,1]}],"loopBehavior":1,"name":"anim","property":"_matrix"}},
{"name":"middle_01_l","index":13,"matrix":[0.7548,0.0429,-0.6545,0,-0.0746,0.997,-0.0207,0,0.6516,0.0645,0.7558,0,0,0.1711,0,1],"rest":[0.7548,0.0429,-0.6545,0,-0.0746,0.997,-0.0207,0,0.6516,0.0645,0.7558,0,0,0.1711,0,1],"parentBoneIndex":9,"length":0.0716
,"animation":{"dataType":3,"framePerSecond":60,"keys":[
{"frame":0,"values":[0.7548,0.0429,-0.6545,0,-0.0746,0.997,-0.0207,0,0.6516,0.0645,0.7558,0,0,0.1711,0,1]},
{"frame":30,"values":[0.7548,0.0429,-0.6545,0,-0.0746,0.997,-0.0207,0,0.6516,0.0645,0.7558,0,0,0.1711,0,1]},
{"frame":41,"values":[0.7548,0.0429,-0.6545,0,-0.0746,0.997,-0.0207,0,0.6516,0.0645,0.7558,0,0,0.1711,0,1]},
{"frame":44,"values":[0.7548,0.0429,-0.6545,0,-0.0746,0.997,-0.0207,0,0.6516,0.0645,0.7558,0,0,0.1711,0,1]}],"loopBehavior":1,"name":"anim","property":"_matrix"}},
{"name":"middle_02_l","index":14,"matrix":[0.5231,0.3071,0.795,0,-0.3173,0.9359,-0.1528,0,-0.791,-0.1724,0.5871,0,0,0.0716,0,1],"rest":[0.5231,0.3071,0.795,0,-0.3173,0.9359,-0.1528,0,-0.791,-0.1724,0.5871,0,0,0.0716,0,1],"parentBoneIndex":13,"length":0.0303
,"animation":{"dataType":3,"framePerSecond":60,"keys":[
{"frame":0,"values":[0.5231,0.3071,0.795,0,-0.3173,0.9359,-0.1528,0,-0.791,-0.1724,0.5871,0,0,0.0716,0,1]},
{"frame":30,"values":[0.5231,0.3071,0.795,0,-0.3173,0.9359,-0.1528,0,-0.791,-0.1724,0.5871,0,0,0.0716,0,1]},
{"frame":41,"values":[0.5231,0.3071,0.795,0,-0.3173,0.9359,-0.1528,0,-0.791,-0.1724,0.5871,0,0,0.0716,0,1]},
{"frame":44,"values":[0.5231,0.3071,0.795,0,-0.3173,0.9359,-0.1528,0,-0.791,-0.1724,0.5871,0,0,0.0716,0,1]}],"loopBehavior":1,"name":"anim","property":"_matrix"}},
{"name":"middle_03_l","index":15,"matrix":[0.987,0.0669,0.1464,0,-0.0611,0.9972,-0.0432,0,-0.1489,0.0337,0.9883,0,0,0.0303,0,1],"rest":[0.987,0.0669,0.1464,0,-0.0611,0.9972,-0.0432,0,-0.1489,0.0337,0.9883,0,0,0.0303,0,1],"parentBoneIndex":14,"length":0.025
,"animation":{"dataType":3,"framePerSecond":60,"keys":[
{"frame":0,"values":[0.987,0.0669,0.1464,0,-0.0611,0.9972,-0.0432,0,-0.1489,0.0337,0.9883,0,0,0.0303,0,1]},
{"frame":30,"values":[0.987,0.0669,0.1464,0,-0.0611,0.9972,-0.0432,0,-0.1489,0.0337,0.9883,0,0,0.0303,0,1]},
{"frame":41,"values":[0.987,0.0669,0.1464,0,-0.0611,0.9972,-0.0432,0,-0.1489,0.0337,0.9883,0,0,0.0303,0,1]},
{"frame":44,"values":[0.987,0.0669,0.1464,0,-0.0611,0.9972,-0.0432,0,-0.1489,0.0337,0.9883,0,0,0.0303,0,1]}],"loopBehavior":1,"name":"anim","property":"_matrix"}},
{"name":"pinky_01_l","index":16,"matrix":[0.8002,0.3933,-0.4528,0,-0.1979,0.8858,0.4198,0,0.5662,-0.2463,0.7866,0,0,0.1711,0,1],"rest":[0.8002,0.3933,-0.4528,0,-0.1979,0.8858,0.4198,0,0.5662,-0.2463,0.7866,0,0,0.1711,0,1],"parentBoneIndex":9,"length":0.0662
,"animation":{"dataType":3,"framePerSecond":60,"keys":[
{"frame":0,"values":[0.8002,0.3933,-0.4528,0,-0.1979,0.8858,0.4198,0,0.5662,-0.2463,0.7866,0,0,0.1711,0,1]},
{"frame":30,"values":[0.8002,0.3933,-0.4528,0,-0.1979,0.8858,0.4198,0,0.5662,-0.2463,0.7866,0,0,0.1711,0,1]},
{"frame":41,"values":[0.8002,0.3933,-0.4528,0,-0.1979,0.8858,0.4198,0,0.5662,-0.2463,0.7866,0,0,0.1711,0,1]},
{"frame":44,"values":[0.8002,0.3933,-0.4528,0,-0.1979,0.8858,0.4198,0,0.5662,-0.2463,0.7866,0,0,0.1711,0,1]}],"loopBehavior":1,"name":"anim","property":"_matrix"}},
{"name":"pinky_02_l","index":17,"matrix":[0.8507,0.2182,0.4782,0,-0.162,0.9743,-0.1563,0,-0.5,0.0555,0.8642,0,0,0.0662,0,1],"rest":[0.8507,0.2182,0.4782,0,-0.162,0.9743,-0.1563,0,-0.5,0.0555,0.8642,0,0,0.0662,0,1],"parentBoneIndex":16,"length":0.0189
,"animation":{"dataType":3,"framePerSecond":60,"keys":[
{"frame":0,"values":[0.8507,0.2182,0.4782,0,-0.162,0.9743,-0.1563,0,-0.5,0.0555,0.8642,0,0,0.0662,0,1]},
{"frame":30,"values":[0.8507,0.2182,0.4782,0,-0.162,0.9743,-0.1563,0,-0.5,0.0555,0.8642,0,0,0.0662,0,1]},
{"frame":41,"values":[0.8507,0.2182,0.4782,0,-0.162,0.9743,-0.1563,0,-0.5,0.0555,0.8642,0,0,0.0662,0,1]},
{"frame":44,"values":[0.8507,0.2182,0.4782,0,-0.162,0.9743,-0.1563,0,-0.5,0.0555,0.8642,0,0,0.0662,0,1]}],"loopBehavior":1,"name":"anim","property":"_matrix"}},
{"name":"pinky_03_l","index":18,"matrix":[0.9166,0.2273,0.3288,0,-0.2095,0.9737,-0.089,0,-0.3404,0.0127,0.9402,0,0,0.0189,0,1],"rest":[0.9166,0.2273,0.3288,0,-0.2095,0.9737,-0.089,0,-0.3404,0.0127,0.9402,0,0,0.0189,0,1],"parentBoneIndex":17,"length":0.014
,"animation":{"dataType":3,"framePerSecond":60,"keys":[
{"frame":0,"values":[0.9166,0.2273,0.3288,0,-0.2095,0.9737,-0.089,0,-0.3404,0.0127,0.9402,0,0,0.0189,0,1]},
{"frame":30,"values":[0.9166,0.2273,0.3288,0,-0.2095,0.9737,-0.089,0,-0.3404,0.0127,0.9402,0,0,0.0189,0,1]},
{"frame":41,"values":[0.9166,0.2273,0.3288,0,-0.2095,0.9737,-0.089,0,-0.3404,0.0127,0.9402,0,0,0.0189,0,1]},
{"frame":44,"values":[0.9166,0.2273,0.3288,0,-0.2095,0.9737,-0.089,0,-0.3404,0.0127,0.9402,0,0,0.0189,0,1]}],"loopBehavior":1,"name":"anim","property":"_matrix"}},
{"name":"ring_01_l","index":19,"matrix":[0.7744,0.2353,-0.5873,0,-0.1209,0.9662,0.2276,0,0.621,-0.1052,0.7767,0,0,0.1711,0,1],"rest":[0.7744,0.2353,-0.5873,0,-0.1209,0.9662,0.2276,0,0.621,-0.1052,0.7767,0,0,0.1711,0,1],"parentBoneIndex":9,"length":0.0686
,"animation":{"dataType":3,"framePerSecond":60,"keys":[
{"frame":0,"values":[0.7744,0.2353,-0.5873,0,-0.1209,0.9662,0.2276,0,0.621,-0.1052,0.7767,0,0,0.1711,0,1]},
{"frame":30,"values":[0.7744,0.2353,-0.5873,0,-0.1209,0.9662,0.2276,0,0.621,-0.1052,0.7767,0,0,0.1711,0,1]},
{"frame":41,"values":[0.7744,0.2353,-0.5873,0,-0.1209,0.9662,0.2276,0,0.621,-0.1052,0.7767,0,0,0.1711,0,1]},
{"frame":44,"values":[0.7744,0.2353,-0.5873,0,-0.1209,0.9662,0.2276,0,0.621,-0.1052,0.7767,0,0,0.1711,0,1]}],"loopBehavior":1,"name":"anim","property":"_matrix"}},
