{"producer":{"name":"Blender","version":"2.78 (sub 0)","exporter_version":"5.1.0","file":"alice.babylon"},
"autoClear":true,"clearColor":[0.0509,0.0509,0.0509],"ambientColor":[0,0,0],"gravity":[0,-9.81,0],
"materials":[{"name":"alice.DefaultSkin","id":"alice.DefaultSkin","ambient":[1,0.758,0.6133],"diffuse":[0.843,0.639,0.517],"specular":[0.15,0.15,0.15],"emissive":[0,0,0],"specularPower":245,"alpha":1,"backFaceCulling":true,"checkReadyOnlyOnce":false,"maxSimultaneousLights":4},
{"name":"alice.Shirts","id":"alice.Shirts","ambient":[1,1,1],"diffuse":[0.8,0.8,0.8],"specular":[0,0,0],"emissive":[0,0,0],"specularPower":50,"alpha":1,"backFaceCulling":true,"checkReadyOnlyOnce":false,"maxSimultaneousLights":4},
{"name":"alice.Skirt","id":"alice.Skirt","ambient":[0.0215,0.0168,0.07],"diffuse":[0.0172,0.0134,0.056],"specular":[0,0,0],"emissive":[0,0,0],"specularPower":50,"alpha":1,"backFaceCulling":true,"checkReadyOnlyOnce":false,"maxSimultaneousLights":4},
{"name":"alice.hair","id":"alice.hair","ambient":[0.7861,0.8,0.3226],"diffuse":[0.6289,0.64,0.2581],"specular":[0,0,0],"emissive":[0,0,0],"specularPower":50,"alpha":1,"backFaceCulling":true,"checkReadyOnlyOnce":false,"maxSimultaneousLights":4},
{"name":"alice.shoes","id":"alice.shoes","ambient":[0.0352,0.0352,0.0352],"diffuse":[0.0282,0.0282,0.0282],"specular":[0.5,0.5,0.5],"emissive":[0,0,0],"specularPower":50,"alpha":1,"backFaceCulling":true,"checkReadyOnlyOnce":false,"maxSimultaneousLights":4}],
"multiMaterials":[{"name":"alice.Multimaterial#0","id":"alice.Multimaterial#0","materials":["alice.DefaultSkin","alice.Shirts","alice.Skirt","alice.hair","alice.shoes"]},{"name":"alice.Multimaterial#1","id":"alice.Multimaterial#1","materials":["alice.DefaultSkin","alice.Shirts","alice.Skirt","alice.hair"]},{"name":"alice.Multimaterial#2","id":"alice.Multimaterial#2","materials":["alice.DefaultSkin","alice.Shirts","alice.Skirt","alice.hair","alice.shoes"]}],
"skeletons":[{"name":"alice","id":0,"dimensionsAtRest":[0.7323,1.2953,0.2422],"bones":[
{"name":"Root","index":0,"matrix":[1,0,0,0,0,1,0,0,0,0,-1,0,0,0.0036,0.0018,1],"rest":[1,0,0,0,0,1,0,0,0,0,-1,0,0,0.0036,0.0018,1],"parentBoneIndex":-1,"length":0.0659
,"animation":{"dataType":3,"framePerSecond":60,"keys":[
{"frame":0,"values":[1,0,0,0,0,1,0,0,0,0,-1,0,0,0.0036,0.0018,1]},
{"frame":30,"values":[1,0,0,0,0,1,0,0,0,0,-1,0,0,0.0036,0.0018,1]},
{"frame":41,"values":[1,0,0,0,0,1,0,0,0,0,-1,0,0,0.0036,0.0018,1]},
{"frame":42,"values":[1,0,0,0,0,1,0,0,0,0,-1,0,0,0.0036,0.0018,1]}],"loopBehavior":1,"name":"anim","property":"_matrix"}},
{"name":"pelvis","index":1,"matrix":[1,0,0,0,0,0.0317,0.9995,0,0,-0.9995,0.0317,0,0,0.7109,0.003,1],"rest":[1,0,0,0,0,0.0317,0.9995,0,0,-0.9996,0.0317,0,0,0.7715,0.003,1],"parentBoneIndex":0,"length":0.0573
,"animation":{"dataType":3,"framePerSecond":60,"keys":[
{"frame":0,"values":[1,0,0,0,0,0.0317,0.9995,0,0,-0.9995,0.0317,0,0,0.7023,0.003,1]},
{"frame":1,"values":[1,0,0,0,0,0.0317,0.9995,0,0,-0.9995,0.0317,0,0,0.703,0.003,1]},
{"frame":2,"values":[1,0,0,0,0,0.0317,0.9995,0,0,-0.9995,0.0317,0,0,0.7055,0.003,1]},
{"frame":3,"values":[1,0,0,0,0,0.0317,0.9995,0,0,-0.9995,0.0317,0,0,0.7099,0.003,1]},
{"frame":4,"values":[1,0,0,0,0,0.0317,0.9995,0,0,-0.9995,0.0317,0,0,0.7154,0.003,1]},
{"frame":5,"values":[1,0,0,0,0,0.0317,0.9995,0,0,-0.9995,0.0317,0,0,0.7224,0.003,1]},
{"frame":6,"values":[1,0,0,0,0,0.0317,0.9995,0,0,-0.9995,0.0317,0,0,0.7318,0.003,1]},
{"frame":7,"values":[1,0,0,0,0,0.0317,0.9995,0,0,-0.9995,0.0317,0,0,0.743,0.003,1]},
{"frame":8,"values":[1,0,0,0,0,0.0317,0.9995,0,0,-0.9995,0.0317,0,0,0.7548,0.003,1]},
{"frame":9,"values":[1,0,0,0,0,0.0317,0.9995,0,0,-0.9995,0.0317,0,0,0.7656,0.003,1]},
{"frame":10,"values":[1,0,0,0,0,0.0317,0.9995,0,0,-0.9995,0.0317,0,0,0.774,0.003,1]},
{"frame":11,"values":[1,0,0,0,0,0.0317,0.9995,0,0,-0.9995,0.0317,0,0,0.7791,0.003,1]},
{"frame":12,"values":[1,0,0,0,0,0.0317,0.9995,0,0,-0.9995,0.0317,0,0,0.7808,0.003,1]},
{"frame":13,"values":[1,0,0,0,0,0.0317,0.9995,0,0,-0.9995,0.0317,0,0,0.765,0.003,1]},
{"frame":14,"values":[1,0,0,0,0,0.0317,0.9995,0,0,-0.9995,0.0317,0,0,0.7312,0.003,1]},
{"frame":15,"values":[1,0,0,0,0,0.0317,0.9995,0,0,-0.9995,0.0317,0,0,0.7154,0.003,1]},
{"frame":16,"values":[1,0,0,0,0,0.0317,0.9995,0,0,-0.9995,0.0317,0,0,0.7199,0.003,1]},
{"frame":17,"values":[1,0,0,0,0,0.0317,0.9995,0,0,-0.9995,0.0317,0,0,0.7324,0.003,1]},
{"frame":18,"values":[1,0,0,0,0,0.0317,0.9995,0,0,-0.9995,0.0317,0,0,0.7468,0.003,1]},
{"frame":19,"values":[1,0,0,0,0,0.0317,0.9995,0,0,-0.9995,0.0317,0,0,0.7559,0.003,1]},
{"frame":20,"values":[1,0,0,0,0,0.0317,0.9995,0,0,-0.9995,0.0317,0,0,0.7593,0.003,1]},
{"frame":21,"values":[1,0,0,0,0,0.0317,0.9995,0,0,-0.9995,0.0317,0,0,0.7599,0.003,1]},
{"frame":22,"values":[1,0,0,0,0,0.0317,0.9995,0,0,-0.9995,0.0317,0,0,0.7623,0.003,1]},
{"frame":23,"values":[1,0,0,0,0,0.0317,0.9995,0,0,-0.9995,0.0317,0,0,0.7689,0.003,1]},
{"frame":24,"values":[1,0,0,0,0,0.0317,0.9995,0,0,-0.9995,0.0317,0,0,0.7773,0.003,1]},
{"frame":25,"values":[1,0,0,0,0,0.0317,0.9995,0,0,-0.9995,0.0317,0,0,0.7808,0.003,1]},
{"frame":26,"values":[1,0,0,0,0,0.0317,0.9995,0,0,-0.9995,0.0317,0,0,0.7738,0.003,1]},
{"frame":27,"values":[1,0,0,0,0,0.0317,0.9995,0,0,-0.9995,0.0317,0,0,0.7541,0.003,1]},
{"frame":28,"values":[1,0,0,0,0,0.0317,0.9995,0,0,-0.9995,0.0317,0,0,0.7289,0.003,1]},
{"frame":29,"values":[1,0,0,0,0,0.0317,0.9995,0,0,-0.9995,0.0317,0,0,0.7092,0.003,1]},
{"frame":30,"values":[1,0,0,0,0,0.0317,0.9995,0,0,-0.9995,0.0317,0,0,0.7023,0.003,1]},
{"frame":41,"values":[1,0,0,0,0,0.0317,0.9995,0,0,-0.9995,0.0317,0,0,0.703,0.003,1]},
{"frame":42,"values":[1,0,0,0,0,0.0317,0.9995,0,0,-0.9995,0.0317,0,0,0.7055,0.003,1]}],"loopBehavior":1,"name":"anim","property":"_matrix"}},
{"name":"spine_01","index":2,"matrix":[1,0,0,0,0,0.0077,-1,0,0,1,0.0077,0,0,0.0573,0,1],"rest":[1,0,0,0,0,-0.2862,-0.9581,0,0,0.9582,-0.2861,0,0,0.0573,0,1],"parentBoneIndex":1,"length":0.0391
,"animation":{"dataType":3,"framePerSecond":60,"keys":[
{"frame":0,"values":[1,0,0,0,0,0.0124,-0.9999,0,0,0.9999,0.0124,0,0,0.0573,0,1]},
{"frame":1,"values":[1,0,0,0,0,0.0119,-0.9999,0,0,0.9999,0.0119,0,0,0.0573,0,1]},
{"frame":2,"values":[1,0,0,0,0,0.0106,-0.9999,0,0,0.9999,0.0106,0,0,0.0573,0,1]},
{"frame":3,"values":[1,0,0,0,0,0.0083,-1,0,0,1,0.0083,0,0,0.0573,0,1]},
{"frame":4,"values":[1,0,0,0,0,0.0052,-1,0,0,1,0.0052,0,0,0.0573,0,1]},
{"frame":5,"values":[1,0,0,0,0,0.0013,-1,0,0,1,0.0013,0,0,0.0573,0,1]},
{"frame":6,"values":[1,0,0,0,0,-0.0031,-1,0,0,1,-0.0031,0,0,0.0573,0,1]},
{"frame":7,"values":[1,0,0,0,0,-0.008,-1,0,0,1,-0.008,0,0,0.0573,0,1]},
{"frame":8,"values":[1,0,0,0,0,-0.0129,-0.9999,0,0,0.9999,-0.0129,0,0,0.0573,0,1]},
{"frame":9,"values":[1,0,0,0,0,-0.0178,-0.9998,0,0,0.9998,-0.0178,0,0,0.0573,0,1]},
{"frame":10,"values":[1,0,0,0,0,-0.0222,-0.9998,0,0,0.9998,-0.0222,0,0,0.0573,0,1]},
{"frame":11,"values":[1,0,0,0,0,-0.0261,-0.9997,0,0,0.9997,-0.0261,0,0,0.0573,0,1]},
{"frame":12,"values":[1,0,0,0,0,-0.0292,-0.9996,0,0,0.9996,-0.0292,0,0,0.0573,0,1]},
{"frame":13,"values":[1,0,0,0,0,-0.0314,-0.9995,0,0,0.9995,-0.0314,0,0,0.0573,0,1]},
{"frame":14,"values":[1,0,0,0,0,-0.0328,-0.9995,0,0,0.9995,-0.0328,0,0,0.0573,0,1]},
{"frame":15,"values":[1,0,0,0,0,-0.0332,-0.9994,0,0,0.9994,-0.0332,0,0,0.0573,0,1]},
{"frame":16,"values":[1,0,0,0,0,-0.0328,-0.9995,0,0,0.9995,-0.0328,0,0,0.0573,0,1]},
{"frame":17,"values":[1,0,0,0,0,-0.0314,-0.9995,0,0,0.9995,-0.0314,0,0,0.0573,0,1]},
{"frame":18,"values":[1,0,0,0,0,-0.0292,-0.9996,0,0,0.9996,-0.0292,0,0,0.0573,0,1]},
{"frame":19,"values":[1,0,0,0,0,-0.0261,-0.9997,0,0,0.9997,-0.0261,0,0,0.0573,0,1]},
{"frame":20,"values":[1,0,0,0,0,-0.0222,-0.9998,0,0,0.9998,-0.0222,0,0,0.0573,0,1]},
{"frame":21,"values":[1,0,0,0,0,-0.0178,-0.9998,0,0,0.9998,-0.0178,0,0,0.0573,0,1]},
{"frame":22,"values":[1,0,0,0,0,-0.0129,-0.9999,0,0,0.9999,-0.0129,0,0,0.0573,0,1]},
{"frame":23,"values":[1,0,0,0,0,-0.008,-1,0,0,1,-0.008,0,0,0.0573,0,1]},
{"frame":24,"values":[1,0,0,0,0,-0.0031,-1,0,0,1,-0.0031,0,0,0.0573,0,1]},
{"frame":25,"values":[1,0,0,0,0,0.0013,-1,0,0,1,0.0013,0,0,0.0573,0,1]},
{"frame":26,"values":[1,0,0,0,0,0.0052,-1,0,0,1,0.0052,0,0,0.0573,0,1]},
{"frame":27,"values":[1,0,0,0,0,0.0083,-1,0,0,1,0.0083,0,0,0.0573,0,1]},
{"frame":28,"values":[1,0,0,0,0,0.0106,-0.9999,0,0,0.9999,0.0106,0,0,0.0573,0,1]},
{"frame":29,"values":[1,0,0,0,0,0.0119,-0.9999,0,0,0.9999,0.0119,0,0,0.0573,0,1]},
{"frame":30,"values":[1,0,0,0,0,0.0124,-0.9999,0,0,0.9999,0.0124,0,0,0.0573,0,1]},
{"frame":41,"values":[1,0,0,0,0,0.0119,-0.9999,0,0,0.9999,0.0119,0,0,0.0573,0,1]},
{"frame":42,"values":[1,0,0,0,0,0.0106,-0.9999,0,0,0.9999,0.0106,0,0,0.0573,0,1]}],"loopBehavior":1,"name":"anim","property":"_matrix"}},
{"name":"spine_02","index":3,"matrix":[1,0,0,0,0,0.9852,0.1711,0,0,-0.1711,0.9852,0,0,0.0391,0,1],"rest":[1,0,0,0,0,0.9863,0.1649,0,0,-0.1649,0.9863,0,0,0.0391,0,1],"parentBoneIndex":2,"length":0.0456
,"animation":{"dataType":3,"framePerSecond":60,"keys":[
{"frame":0,"values":[1,0,0,0,0,0.9863,0.1649,0,0,-0.1649,0.9863,0,0,0.0391,0,1]},
{"frame":1,"values":[1,0,0,0,0,0.9862,0.1655,0,0,-0.1655,0.9862,0,0,0.0391,0,1]},
{"frame":2,"values":[1,0,0,0,0,0.9859,0.1673,0,0,-0.1673,0.9859,0,0,0.0391,0,1]},
{"frame":3,"values":[1,0,0,0,0,0.9854,0.1704,0,0,-0.1704,0.9854,0,0,0.0391,0,1]},
{"frame":4,"values":[1,0,0,0,0,0.9846,0.1746,0,0,-0.1746,0.9846,0,0,0.0391,0,1]},
{"frame":5,"values":[1,0,0,0,0,0.9837,0.1799,0,0,-0.1799,0.9837,0,0,0.0391,0,1]},
{"frame":6,"values":[1,0,0,0,0,0.9826,0.1859,0,0,-0.1859,0.9826,0,0,0.0391,0,1]},
{"frame":7,"values":[1,0,0,0,0,0.9813,0.1925,0,0,-0.1925,0.9813,0,0,0.0391,0,1]},
{"frame":8,"values":[1,0,0,0,0,0.98,0.1992,0,0,-0.1992,0.98,0,0,0.0391,0,1]},
{"frame":9,"values":[1,0,0,0,0,0.9786,0.2058,0,0,-0.2058,0.9786,0,0,0.0391,0,1]},
{"frame":10,"values":[1,0,0,0,0,0.9773,0.2118,0,0,-0.2118,0.9773,0,0,0.0391,0,1]},
{"frame":11,"values":[1,0,0,0,0,0.9762,0.217,0,0,-0.217,0.9762,0,0,0.0391,0,1]},
{"frame":12,"values":[1,0,0,0,0,0.9752,0.2212,0,0,-0.2212,0.9752,0,0,0.0391,0,1]},
{"frame":13,"values":[1,0,0,0,0,0.9745,0.2242,0,0,-0.2242,0.9745,0,0,0.0391,0,1]},
{"frame":14,"values":[1,0,0,0,0,0.9741,0.226,0,0,-0.226,0.9741,0,0,0.0391,0,1]},
{"frame":15,"values":[1,0,0,0,0,0.974,0.2266,0,0,-0.2266,0.974,0,0,0.0391,0,1]},
{"frame":16,"values":[1,0,0,0,0,0.9741,0.226,0,0,-0.226,0.9741,0,0,0.0391,0,1]},
{"frame":17,"values":[1,0,0,0,0,0.9745,0.2242,0,0,-0.2242,0.9745,0,0,0.0391,0,1]},
{"frame":18,"values":[1,0,0,0,0,0.9752,0.2212,0,0,-0.2212,0.9752,0,0,0.0391,0,1]},
{"frame":19,"values":[1,0,0,0,0,0.9762,0.217,0,0,-0.217,0.9762,0,0,0.0391,0,1]},
{"frame":20,"values":[1,0,0,0,0,0.9773,0.2118,0,0,-0.2118,0.9773,0,0,0.0391,0,1]},
{"frame":21,"values":[1,0,0,0,0,0.9786,0.2058,0,0,-0.2058,0.9786,0,0,0.0391,0,1]},
{"frame":22,"values":[1,0,0,0,0,0.98,0.1992,0,0,-0.1992,0.98,0,0,0.0391,0,1]},
{"frame":23,"values":[1,0,0,0,0,0.9813,0.1925,0,0,-0.1925,0.9813,0,0,0.0391,0,1]},
{"frame":24,"values":[1,0,0,0,0,0.9826,0.1859,0,0,-0.1859,0.9826,0,0,0.0391,0,1]},
{"frame":25,"values":[1,0,0,0,0,0.9837,0.1799,0,0,-0.1799,0.9837,0,0,0.0391,0,1]},
{"frame":26,"values":[1,0,0,0,0,0.9846,0.1746,0,0,-0.1746,0.9846,0,0,0.0391,0,1]},
{"frame":27,"values":[1,0,0,0,0,0.9854,0.1704,0,0,-0.1704,0.9854,0,0,0.0391,0,1]},
{"frame":28,"values":[1,0,0,0,0,0.9859,0.1673,0,0,-0.1673,0.9859,0,0,0.0391,0,1]},
{"frame":29,"values":[1,0,0,0,0,0.9862,0.1655,0,0,-0.1655,0.9862,0,0,0.0391,0,1]},
{"frame":30,"values":[1,0,0,0,0,0.9863,0.1649,0,0,-0.1649,0.9863,0,0,0.0391,0,1]},
{"frame":41,"values":[1,0,0,0,0,0.9862,0.1655,0,0,-0.1655,0.9862,0,0,0.0391,0,1]},
{"frame":42,"values":[1,0,0,0,0,0.9859,0.1673,0,0,-0.1673,0.9859,0,0,0.0391,0,1]}],"loopBehavior":1,"name":"anim","property":"_matrix"}},
{"name":"spine_03","index":4,"matrix":[0.9511,0.1037,-0.2911,0,0,0.942,0.3357,0,0.309,-0.3192,0.8959,0,0,0.0456,0,1],"rest":[1,0,0,0,0,0.9739,0.2271,0,0,-0.2271,0.9739,0,0,0.0456,0,1],"parentBoneIndex":3,"length":0.1472
,"animation":{"dataType":3,"framePerSecond":60,"keys":[
{"frame":0,"values":[0.9264,0.1264,-0.3548,0,0,0.942,0.3357,0,0.3766,-0.3109,0.8726,0,0,0.0456,0,1]},
{"frame":1,"values":[0.929,0.1243,-0.3487,0,0,0.942,0.3357,0,0.3702,-0.3118,0.8751,0,0,0.0456,0,1]},
{"frame":2,"values":[0.9366,0.1177,-0.3302,0,0,0.942,0.3357,0,0.3505,-0.3144,0.8822,0,0,0.0456,0,1]},
{"frame":3,"values":[0.9483,0.1065,-0.2989,0,0,0.942,0.3357,0,0.3173,-0.3183,0.8933,0,0,0.0456,0,1]},
{"frame":4,"values":[0.9627,0.0908,-0.2549,0,0,0.942,0.3357,0,0.2706,-0.3231,0.9068,0,0,0.0456,0,1]},
{"frame":5,"values":[0.9774,0.0709,-0.199,0,0,0.942,0.3357,0,0.2113,-0.3281,0.9207,0,0,0.0456,0,1]},
{"frame":6,"values":[0.99,0.0474,-0.1331,0,0,0.942,0.3357,0,0.1413,-0.3323,0.9325,0,0,0.0456,0,1]},
{"frame":7,"values":[0.9979,0.0215,-0.0604,0,0,0.942,0.3357,0,0.0642,-0.335,0.94,0,0,0.0456,0,1]},
{"frame":8,"values":[0.9999,-0.0052,0.0147,0,0,0.942,0.3357,0,-0.0156,-0.3356,0.9419,0,0,0.0456,0,1]},
{"frame":9,"values":[0.9957,-0.0312,0.0877,0,0,0.942,0.3357,0,-0.0931,-0.3342,0.9379,0,0,0.0456,0,1]},
{"frame":10,"values":[0.9865,-0.0549,0.154,0,0,0.942,0.3357,0,-0.1635,-0.3311,0.9293,0,0,0.0456,0,1]},
{"frame":11,"values":[0.9747,-0.075,0.2106,0,0,0.942,0.3357,0,-0.2235,-0.3272,0.9181,0,0,0.0456,0,1]},
{"frame":12,"values":[0.9626,-0.0909,0.2552,0,0,0.942,0.3357,0,-0.2709,-0.3231,0.9068,0,0,0.0456,0,1]},
{"frame":13,"values":[0.9525,-0.1023,0.287,0,0,0.942,0.3357,0,-0.3046,-0.3197,0.8972,0,0,0.0456,0,1]},
{"frame":14,"values":[0.9458,-0.109,0.3058,0,0,0.942,0.3357,0,-0.3246,-0.3175,0.891,0,0,0.0456,0,1]},
{"frame":15,"values":[0.9436,-0.1112,0.312,0,0,0.942,0.3357,0,-0.3312,-0.3167,0.8888,0,0,0.0456,0,1]},
{"frame":16,"values":[0.9458,-0.109,0.3058,0,0,0.942,0.3357,0,-0.3246,-0.3175,0.891,0,0,0.0456,0,1]},
{"frame":17,"values":[0.9525,-0.1023,0.287,0,0,0.942,0.3357,0,-0.3046,-0.3197,0.8972,0,0,0.0456,0,1]},
{"frame":18,"values":[0.9626,-0.0909,0.2552,0,0,0.942,0.3357,0,-0.2709,-0.3231,0.9068,0,0,0.0456,0,1]},
{"frame":19,"values":[0.9747,-0.075,0.2106,0,0,0.942,0.3357,0,-0.2235,-0.3272,0.9181,0,0,0.0456,0,1]},
{"frame":20,"values":[0.9865,-0.0549,0.154,0,0,0.942,0.3357,0,-0.1635,-0.3311,0.9293,0,0,0.0456,0,1]},
{"frame":21,"values":[0.9957,-0.0312,0.0877,0,0,0.942,0.3357,0,-0.0931,-0.3342,0.9379,0,0,0.0456,0,1]},
{"frame":22,"values":[0.9999,-0.0052,0.0147,0,0,0.942,0.3357,0,-0.0156,-0.3356,0.9419,0,0,0.0456,0,1]},
{"frame":23,"values":[0.9979,0.0215,-0.0604,0,0,0.942,0.3357,0,0.0642,-0.335,0.94,0,0,0.0456,0,1]},
{"frame":24,"values":[0.99,0.0474,-0.1331,0,0,0.942,0.3357,0,0.1413,-0.3323,0.9325,0,0,0.0456,0,1]},
{"frame":25,"values":[0.9774,0.0709,-0.199,0,0,0.942,0.3357,0,0.2113,-0.3281,0.9207,0,0,0.0456,0,1]},
{"frame":26,"values":[0.9627,0.0908,-0.2549,0,0,0.942,0.3357,0,0.2706,-0.3231,0.9068,0,0,0.0456,0,1]},
{"frame":27,"values":[0.9483,0.1065,-0.2989,0,0,0.942,0.3357,0,0.3173,-0.3183,0.8933,0,0,0.0456,0,1]},
{"frame":28,"values":[0.9366,0.1177,-0.3302,0,0,0.942,0.3357,0,0.3505,-0.3144,0.8822,0,0,0.0456,0,1]},
{"frame":29,"values":[0.929,0.1243,-0.3487,0,0,0.942,0.3357,0,0.3702,-0.3118,0.8751,0,0,0.0456,0,1]},
{"frame":30,"values":[0.9264,0.1264,-0.3548,0,0,0.942,0.3357,0,0.3766,-0.3109,0.8726,0,0,0.0456,0,1]},
{"frame":41,"values":[0.929,0.1243,-0.3487,0,0,0.942,0.3357,0,0.3702,-0.3118,0.8751,0,0,0.0456,0,1]},
{"frame":42,"values":[0.9366,0.1177,-0.3302,0,0,0.942,0.3357,0,0.3505,-0.3144,0.8822,0,0,0.0456,0,1]}],"loopBehavior":1,"name":"anim","property":"_matrix"}},
{"name":"neck_01","index":5,"matrix":[1,0,0,0,0,0.9702,-0.2423,0,0,0.2423,0.9702,0,0,0.1472,0,1],"rest":[1,0,0,0,0,0.9702,-0.2423,0,0,0.2423,0.9702,0,0,0.1472,0,1],"parentBoneIndex":4,"length":0.1842
,"animation":{"dataType":3,"framePerSecond":60,"keys":[
{"frame":0,"values":[1,0,0,0,0,0.9702,-0.2423,0,0,0.2423,0.9702,0,0,0.1472,0,1]},
{"frame":30,"values":[1,0,0,0,0,0.9702,-0.2423,0,0,0.2423,0.9702,0,0,0.1472,0,1]},
{"frame":41,"values":[1,0,0,0,0,0.9702,-0.2423,0,0,0.2423,0.9702,0,0,0.1472,0,1]},
{"frame":42,"values":[1,0,0,0,0,0.9702,-0.2423,0,0,0.2423,0.9702,0,0,0.1472,0,1]}],"loopBehavior":1,"name":"anim","property":"_matrix"}},
{"name":"head","index":6,"matrix":[0.9618,-0.088,0.2592,0,0.0801,0.9959,0.041,0,-0.2618,-0.0187,0.9649,0,0,0.1842,0,1],"rest":[1,0,0,0,0,0.9319,0.3627,0,0,-0.3627,0.9319,0,0,0.1842,0,1],"parentBoneIndex":5,"length":0.1139
,"animation":{"dataType":3,"framePerSecond":60,"keys":[
{"frame":0,"values":[0.9397,-0.1141,0.3224,0,0.1053,0.9934,0.0446,0,-0.3253,-0.0079,0.9456,0,0,0.1842,0,1]},
{"frame":1,"values":[0.9421,-0.1116,0.3163,0,0.1029,0.9937,0.0442,0,-0.3193,-0.0091,0.9476,0,0,0.1842,0,1]},
{"frame":2,"values":[0.9489,-0.104,0.298,0,0.0955,0.9945,0.043,0,-0.3008,-0.0123,0.9536,0,0,0.1842,0,1]},
{"frame":3,"values":[0.9594,-0.0912,0.267,0,0.0832,0.9957,0.0414,0,-0.2696,-0.0175,0.9628,0,0,0.1842,0,1]},
{"frame":4,"values":[0.972,-0.0732,0.2235,0,0.0659,0.997,0.0398,0,-0.2257,-0.024,0.9739,0,0,0.1842,0,1]},
{"frame":5,"values":[0.9844,-0.0502,0.1684,0,0.0442,0.9983,0.0389,0,-0.1701,-0.0309,0.9849,0,0,0.1842,0,1]},
{"frame":6,"values":[0.9943,-0.023,0.1037,0,0.0189,0.999,0.0394,0,-0.1045,-0.0372,0.9938,0,0,0.1842,0,1]},
{"frame":7,"values":[0.9994,0.0072,0.0327,0,-0.0085,0.9991,0.0419,0,-0.0324,-0.0421,0.9986,0,0,0.1842,0,1]},
{"frame":8,"values":[0.9984,0.0384,-0.0405,0,-0.0365,0.9983,0.0464,0,0.0422,-0.0449,0.9981,0,0,0.1842,0,1]},
{"frame":9,"values":[0.9914,0.0689,-0.1112,0,-0.0633,0.9966,0.0528,0,0.1145,-0.0453,0.9924,0,0,0.1842,0,1]},
{"frame":10,"values":[0.9797,0.0967,-0.1753,0,-0.0874,0.9944,0.0602,0,0.1802,-0.0437,0.9827,0,0,0.1842,0,1]},
{"frame":11,"values":[0.9658,0.1205,-0.2297,0,-0.1076,0.9919,0.0679,0,0.236,-0.0409,0.9709,0,0,0.1842,0,1]},
{"frame":12,"values":[0.952,0.1393,-0.2725,0,-0.1233,0.9895,0.0749,0,0.2801,-0.0377,0.9592,0,0,0.1842,0,1]},
{"frame":13,"values":[0.9407,0.1527,-0.303,0,-0.1345,0.9877,0.0803,0,0.3115,-0.0348,0.9496,0,0,0.1842,0,1]},
{"frame":14,"values":[0.9334,0.1607,-0.321,0,-0.141,0.9865,0.0837,0,0.3301,-0.0329,0.9434,0,0,0.1842,0,1]},
{"frame":15,"values":[0.9308,0.1633,-0.3269,0,-0.1432,0.9861,0.0849,0,0.3362,-0.0322,0.9412,0,0,0.1842,0,1]},
{"frame":16,"values":[0.9334,0.1607,-0.321,0,-0.141,0.9865,0.0837,0,0.3301,-0.0329,0.9434,0,0,0.1842,0,1]},
{"frame":17,"values":[0.9407,0.1527,-0.303,0,-0.1345,0.9877,0.0803,0,0.3115,-0.0348,0.9496,0,0,0.1842,0,1]},
{"frame":18,"values":[0.952,0.1393,-0.2725,0,-0.1233,0.9895,0.0749,0,0.2801,-0.0377,0.9592,0,0,0.1842,0,1]},
{"frame":19,"values":[0.9658,0.1205,-0.2297,0,-0.1076,0.9919,0.0679,0,0.236,-0.0409,0.9709,0,0,0.1842,0,1]},
{"frame":20,"values":[0.9797,0.0967,-0.1753,0,-0.0874,0.9944,0.0602,0,0.1802,-0.0437,0.9827,0,0,0.1842,0,1]},
{"frame":21,"values":[0.9914,0.0689,-0.1112,0,-0.0633,0.9966,0.0528,0,0.1145,-0.0453,0.9924,0,0,0.1842,0,1]},
{"frame":22,"values":[0.9984,0.0384,-0.0405,0,-0.0365,0.9983,0.0464,0,0.0422,-0.0449,0.9981,0,0,0.1842,0,1]},
{"frame":23,"values":[0.9994,0.0072,0.0327,0,-0.0085,0.9991,0.0419,0,-0.0324,-0.0421,0.9986,0,0,0.1842,0,1]},
{"frame":24,"values":[0.9943,-0.023,0.1037,0,0.0189,0.999,0.0394,0,-0.1045,-0.0372,0.9938,0,0,0.1842,0,1]},
{"frame":25,"values":[0.9844,-0.0502,0.1684,0,0.0442,0.9983,0.0389,0,-0.1701,-0.0309,0.9849,0,0,0.1842,0,1]},
{"frame":26,"values":[0.972,-0.0732,0.2235,0,0.0659,0.997,0.0398,0,-0.2257,-0.024,0.9739,0,0,0.1842,0,1]},
{"frame":27,"values":[0.9594,-0.0912,0.267,0,0.0832,0.9957,0.0414,0,-0.2696,-0.0175,0.9628,0,0,0.1842,0,1]},
{"frame":28,"values":[0.9489,-0.104,0.298,0,0.0955,0.9945,0.043,0,-0.3008,-0.0123,0.9536,0,0,0.1842,0,1]},
{"frame":29,"values":[0.9421,-0.1116,0.3163,0,0.1029,0.9937,0.0442,0,-0.3193,-0.0091,0.9476,0,0,0.1842,0,1]},
{"frame":30,"values":[0.9397,-0.1141,0.3224,0,0.1053,0.9934,0.0446,0,-0.3253,-0.0079,0.9456,0,0,0.1842,0,1]},
{"frame":41,"values":[0.9421,-0.1116,0.3163,0,0.1029,0.9937,0.0442,0,-0.3193,-0.0091,0.9476,0,0,0.1842,0,1]},
{"frame":42,"values":[0.9489,-0.104,0.298,0,0.0955,0.9945,0.043,0,-0.3008,-0.0123,0.9536,0,0,0.1842,0,1]}],"loopBehavior":1,"name":"anim","property":"_matrix"}},
{"name":"clavicle_l","index":7,"matrix":[0.9817,-0.1316,0.1378,0,0.179,0.8843,-0.4312,0,-0.0651,0.448,0.8917,0,0,0.1472,0,1],"rest":[0.9817,-0.1316,0.1378,0,0.179,0.8843,-0.4312,0,-0.0651,0.448,0.8917,0,0,0.1472,0,1],"parentBoneIndex":4,"length":0.1303
,"animation":{"dataType":3,"framePerSecond":60,"keys":[
{"frame":0,"values":[0.9817,-0.1316,0.1378,0,0.179,0.8843,-0.4312,0,-0.0651,0.448,0.8917,0,0,0.1472,0,1]},
{"frame":30,"values":[0.9817,-0.1316,0.1378,0,0.179,0.8843,-0.4312,0,-0.0651,0.448,0.8917,0,0,0.1472,0,1]},
{"frame":41,"values":[0.9817,-0.1316,0.1378,0,0.179,0.8843,-0.4312,0,-0.0651,0.448,0.8917,0,0,0.1472,0,1]},
{"frame":42,"values":[0.9817,-0.1316,0.1378,0,0.179,0.8843,-0.4312,0,-0.0651,0.448,0.8917,0,0,0.1472,0,1]}],"loopBehavior":1,"name":"anim","property":"_matrix"}},
{"name":"upperarm_l","index":8,"matrix":[0.0921,-0.1069,0.99,0,0.9814,0.1777,-0.0721,0,-0.1682,0.9783,0.1212,0,0,0.1303,0,1],"rest":[0.0921,-0.1069,0.99,0,0.9814,0.1777,-0.0721,0,-0.1682,0.9783,0.1212,0,0,0.1303,0,1],"parentBoneIndex":7,"length":0.0781
,"animation":{"dataType":3,"framePerSecond":60,"keys":[
{"frame":0,"values":[0.0921,-0.1069,0.99,0,0.9814,0.1777,-0.0721,0,-0.1682,0.9783,0.1212,0,0,0.1303,0,1]},
{"frame":30,"values":[0.0921,-0.1069,0.99,0,0.9814,0.1777,-0.0721,0,-0.1682,0.9783,0.1212,0,0,0.1303,0,1]},
{"frame":41,"values":[0.0921,-0.1069,0.99,0,0.9814,0.1777,-0.0721,0,-0.1682,0.9783,0.1212,0,0,0.1303,0,1]},
{"frame":42,"values":[0.0921,-0.1069,0.99,0,0.9814,0.1777,-0.0721,0,-0.1682,0.9783,0.1212,0,0,0.1303,0,1]}],"loopBehavior":1,"name":"anim","property":"_matrix"}},
{"name":"lowerarm_l","index":9,"matrix":[0.6556,0.6948,-0.2957,0,-0.4626,0.0601,-0.8845,0,-0.5968,0.7167,0.3608,0,0,0.0781,0,1],"rest":[0.7672,0.5927,0.2453,0,-0.2006,0.5849,-0.7859,0,-0.6093,0.5537,0.5676,0,0,0.0781,0,1],"parentBoneIndex":8,"length":0.2456
,"animation":{"dataType":3,"framePerSecond":60,"keys":[
{"frame":0,"values":[0.6473,0.6707,-0.3621,0,-0.5404,0.0687,-0.8386,0,-0.5376,0.7385,0.4069,0,0,0.0781,0,1]},
{"frame":1,"values":[0.6484,0.6731,-0.3558,0,-0.5331,0.0677,-0.8433,0,-0.5435,0.7365,0.4027,0,0,0.0781,0,1]},
{"frame":2,"values":[0.6513,0.6801,-0.3365,0,-0.5107,0.065,-0.8573,0,-0.5612,0.7302,0.3897,0,0,0.0781,0,1]},
{"frame":3,"values":[0.655,0.6919,-0.3038,0,-0.4723,0.061,-0.8793,0,-0.5899,0.7194,0.3667,0,0,0.0781,0,1]},
{"frame":4,"values":[0.6573,0.7081,-0.258,0,-0.417,0.0566,-0.9072,0,-0.6278,0.7038,0.3324,0,0,0.0781,0,1]},
{"frame":5,"values":[0.6555,0.7282,-0.2,0,-0.3449,0.053,-0.9372,0,-0.6718,0.6833,0.2859,0,0,0.0781,0,1]},
{"frame":6,"values":[0.6469,0.7509,-0.1326,0,-0.2578,0.0517,-0.9648,0,-0.7176,0.6584,0.227,0,0,0.0781,0,1]},
{"frame":7,"values":[0.6295,0.7747,-0.0599,0,-0.1599,0.0538,-0.9857,0,-0.7604,0.6301,0.1577,0,0,0.0781,0,1]},
{"frame":8,"values":[0.603,0.7976,0.0131,0,-0.0574,0.0598,-0.9966,0,-0.7957,0.6002,0.0819,0,0,0.0781,0,1]},
{"frame":9,"values":[0.5693,0.8181,0.081,0,0.0422,0.0693,-0.9967,0,-0.8211,0.5708,0.0049,0,0,0.0781,0,1]},
{"frame":10,"values":[0.532,0.8351,0.1398,0,0.1324,0.081,-0.9879,0,-0.8363,0.5441,-0.0675,0,0,0.0781,0,1]},
{"frame":11,"values":[0.4955,0.8482,0.1873,0,0.2083,0.0933,-0.9736,0,-0.8433,0.5214,-0.1304,0,0,0.0781,0,1]},
{"frame":12,"values":[0.4636,0.8576,0.2228,0,0.2673,0.1044,-0.9579,0,-0.8448,0.5037,-0.1808,0,0,0.0781,0,1]},
{"frame":13,"values":[0.4392,0.8637,0.2471,0,0.3088,0.1131,-0.9444,0,-0.8436,0.4911,-0.217,0,0,0.0781,0,1]},
{"frame":14,"values":[0.4242,0.8671,0.261,0,0.3331,0.1186,-0.9354,0,-0.8421,0.4837,-0.2386,0,0,0.0781,0,1]},
{"frame":15,"values":[0.4191,0.8682,0.2655,0,0.3411,0.1204,-0.9323,0,-0.8414,0.4813,-0.2456,0,0,0.0781,0,1]},
{"frame":16,"values":[0.4242,0.8671,0.261,0,0.3331,0.1186,-0.9354,0,-0.8421,0.4837,-0.2386,0,0,0.0781,0,1]},
{"frame":17,"values":[0.4392,0.8637,0.2471,0,0.3088,0.1131,-0.9444,0,-0.8436,0.4911,-0.217,0,0,0.0781,0,1]},
{"frame":18,"values":[0.4636,0.8576,0.2228,0,0.2673,0.1044,-0.9579,0,-0.8448,0.5037,-0.1808,0,0,0.0781,0,1]},
{"frame":19,"values":[0.4955,0.8482,0.1873,0,0.2083,0.0933,-0.9736,0,-0.8433,0.5214,-0.1304,0,0,0.0781,0,1]},
{"frame":20,"values":[0.532,0.8351,0.1398,0,0.1324,0.081,-0.9879,0,-0.8363,0.5441,-0.0675,0,0,0.0781,0,1]},
{"frame":21,"values":[0.5693,0.8181,0.081,0,0.0422,0.0693,-0.9967,0,-0.8211,0.5708,0.0049,0,0,0.0781,0,1]},
{"frame":22,"values":[0.603,0.7976,0.0131,0,-0.0574,0.0598,-0.9966,0,-0.7957,0.6002,0.0819,0,0,0.0781,0,1]},
{"frame":23,"values":[0.6295,0.7747,-0.0599,0,-0.1599,0.0538,-0.9857,0,-0.7604,0.6301,0.1577,0,0,0.0781,0,1]},
{"frame":24,"values":[0.6469,0.7509,-0.1326,0,-0.2578,0.0517,-0.9648,0,-0.7176,0.6584,0.227,0,0,0.0781,0,1]},
{"frame":25,"values":[0.6555,0.7282,-0.2,0,-0.3449,0.053,-0.9372,0,-0.6718,0.6833,0.2859,0,0,0.0781,0,1]},
{"frame":26,"values":[0.6573,0.7081,-0.258,0,-0.417,0.0566,-0.9072,0,-0.6278,0.7038,0.3324,0,0,0.0781,0,1]},
{"frame":27,"values":[0.655,0.6919,-0.3038,0,-0.4723,0.061,-0.8793,0,-0.5899,0.7194,0.3667,0,0,0.0781,0,1]},
{"frame":28,"values":[0.6513,0.6801,-0.3365,0,-0.5107,0.065,-0.8573,0,-0.5612,0.7302,0.3897,0,0,0.0781,0,1]},
{"frame":29,"values":[0.6484,0.6731,-0.3558,0,-0.5331,0.0677,-0.8433,0,-0.5435,0.7365,0.4027,0,0,0.0781,0,1]},
{"frame":30,"values":[0.6473,0.6707,-0.3621,0,-0.5404,0.0687,-0.8386,0,-0.5376,0.7385,0.4069,0,0,0.0781,0,1]},
{"frame":41,"values":[0.6484,0.6731,-0.3558,0,-0.5331,0.0677,-0.8433,0,-0.5435,0.7365,0.4027,0,0,0.0781,0,1]},
{"frame":42,"values":[0.6513,0.6801,-0.3365,0,-0.5107,0.065,-0.8573,0,-0.5612,0.7302,0.3897,0,0,0.0781,0,1]}],"loopBehavior":1,"name":"anim","property":"_matrix"}},
{"name":"hand_l","index":10,"matrix":[0.7862,-0.4522,0.4212,0,0.6115,0.6679,-0.4243,0,-0.0895,0.5911,0.8016,0,0,0.2456,0,1],"rest":[0.7623,-0.2007,0.6153,0,0.5731,0.6512,-0.4975,0,-0.3008,0.7319,0.6115,0,0,0.2456,0,1],"parentBoneIndex":9,"length":0.1711
,"animation":{"dataType":3,"framePerSecond":60,"keys":[
{"frame":0,"values":[0.7631,-0.4831,0.4293,0,0.6324,0.695,-0.3421,0,-0.1331,0.5325,0.8359,0,0,0.2456,0,1]},
{"frame":1,"values":[0.7653,-0.4801,0.4287,0,0.6306,0.6926,-0.3501,0,-0.1288,0.5383,0.8329,0,0,0.2456,0,1]},
{"frame":2,"values":[0.7721,-0.471,0.4266,0,0.6248,0.6852,-0.3744,0,-0.1159,0.5556,0.8233,0,0,0.2456,0,1]},
{"frame":3,"values":[0.7834,-0.4559,0.4224,0,0.6142,0.6715,-0.4145,0,-0.0947,0.5841,0.8061,0,0,0.2456,0,1]},
{"frame":4,"values":[0.7989,-0.4352,0.4151,0,0.5978,0.6502,-0.4689,0,-0.0659,0.6228,0.7796,0,0,0.2456,0,1]},
{"frame":5,"values":[0.818,-0.4096,0.4039,0,0.5744,0.6197,-0.5349,0,-0.0312,0.6695,0.7422,0,0,0.2456,0,1]},
{"frame":6,"values":[0.8395,-0.3808,0.3877,0,0.5434,0.5791,-0.6078,0,0.0069,0.7209,0.693,0,0,0.2456,0,1]},
{"frame":7,"values":[0.8618,-0.3507,0.3664,0,0.5052,0.5289,-0.682,0,0.0454,0.7728,0.633,0,0,0.2456,0,1]},
{"frame":8,"values":[0.8834,-0.3216,0.3407,0,0.4615,0.4714,-0.7516,0,0.0811,0.8212,0.5649,0,0,0.2456,0,1]},
{"frame":9,"values":[0.9028,-0.2955,0.3124,0,0.4153,0.4104,-0.8119,0,0.1117,0.8627,0.4932,0,0,0.2456,0,1]},
{"frame":10,"values":[0.919,-0.2736,0.2839,0,0.3702,0.3508,-0.8602,0,0.1358,0.8956,0.4237,0,0,0.2456,0,1]},
{"frame":11,"values":[0.9316,-0.2565,0.2576,0,0.3296,0.2971,-0.8962,0,0.1534,0.9197,0.3613,0,0,0.2456,0,1]},
{"frame":12,"values":[0.9407,-0.2441,0.2356,0,0.2962,0.2528,-0.921,0,0.1653,0.9362,0.3102,0,0,0.2456,0,1]},
{"frame":13,"values":[0.9467,-0.2359,0.2191,0,0.2717,0.2203,-0.9368,0,0.1727,0.9465,0.2727,0,0,0.2456,0,1]},
{"frame":14,"values":[0.9501,-0.2312,0.2092,0,0.2569,0.2007,-0.9454,0,0.1766,0.952,0.2501,0,0,0.2456,0,1]},
{"frame":15,"values":[0.9512,-0.2298,0.2058,0,0.252,0.1941,-0.948,0,0.1779,0.9537,0.2426,0,0,0.2456,0,1]},
{"frame":16,"values":[0.9501,-0.2312,0.2092,0,0.2569,0.2007,-0.9454,0,0.1766,0.952,0.2501,0,0,0.2456,0,1]},
{"frame":17,"values":[0.9467,-0.2359,0.2191,0,0.2717,0.2203,-0.9368,0,0.1727,0.9465,0.2727,0,0,0.2456,0,1]},
{"frame":18,"values":[0.9407,-0.2441,0.2356,0,0.2962,0.2528,-0.921,0,0.1653,0.9362,0.3102,0,0,0.2456,0,1]},
{"frame":19,"values":[0.9316,-0.2565,0.2576,0,0.3296,0.2971,-0.8962,0,0.1534,0.9197,0.3613,0,0,0.2456,0,1]},
{"frame":20,"values":[0.919,-0.2736,0.2839,0,0.3702,0.3508,-0.8602,0,0.1358,0.8956,0.4237,0,0,0.2456,0,1]},
{"frame":21,"values":[0.9028,-0.2955,0.3124,0,0.4153,0.4104,-0.8119,0,0.1117,0.8627,0.4932,0,0,0.2456,0,1]},
{"frame":22,"values":[0.8834,-0.3216,0.3407,0,0.4615,0.4714,-0.7516,0,0.0811,0.8212,0.5649,0,0,0.2456,0,1]},
{"frame":23,"values":[0.8618,-0.3507,0.3664,0,0.5052,0.5289,-0.682,0,0.0454,0.7728,0.633,0,0,0.2456,0,1]},
{"frame":24,"values":[0.8395,-0.3808,0.3877,0,0.5434,0.5791,-0.6078,0,0.0069,0.7209,0.693,0,0,0.2456,0,1]},
{"frame":25,"values":[0.818,-0.4096,0.4039,0,0.5744,0.6197,-0.5349,0,-0.0312,0.6695,0.7422,0,0,0.2456,0,1]},
{"frame":26,"values":[0.7989,-0.4352,0.4151,0,0.5978,0.6502,-0.4689,0,-0.0659,0.6228,0.7796,0,0,0.2456,0,1]},
{"frame":27,"values":[0.7834,-0.4559,0.4224,0,0.6142,0.6715,-0.4145,0,-0.0947,0.5841,0.8061,0,0,0.2456,0,1]},
{"frame":28,"values":[0.7721,-0.471,0.4266,0,0.6248,0.6852,-0.3744,0,-0.1159,0.5556,0.8233,0,0,0.2456,0,1]},
{"frame":29,"values":[0.7653,-0.4801,0.4287,0,0.6306,0.6926,-0.3501,0,-0.1288,0.5383,0.8329,0,0,0.2456,0,1]},
{"frame":30,"values":[0.7631,-0.4831,0.4293,0,0.6324,0.695,-0.3421,0,-0.1331,0.5325,0.8359,0,0,0.2456,0,1]},
{"frame":41,"values":[0.7653,-0.4801,0.4287,0,0.6306,0.6926,-0.3501,0,-0.1288,0.5383,0.8329,0,0,0.2456,0,1]},
{"frame":42,"values":[0.7721,-0.471,0.4266,0,0.6248,0.6852,-0.3744,0,-0.1159,0.5556,0.8233,0,0,0.2456,0,1]}],"loopBehavior":1,"name":"anim","property":"_matrix"}},
{"name":"index_01_l","index":11,"matrix":[0.8325,-0.0791,-0.5484,0,-0.0935,0.9555,-0.2799,0,0.5461,0.2843,0.788,0,0,0.1711,0,1],"rest":[0.8325,-0.0791,-0.5484,0,-0.0935,0.9555,-0.2799,0,0.5461,0.2843,0.788,0,0,0.1711,0,1],"parentBoneIndex":10,"length":0.076
,"animation":{"dataType":3,"framePerSecond":60,"keys":[
{"frame":0,"values":[0.8325,-0.0791,-0.5484,0,-0.0935,0.9555,-0.2799,0,0.5461,0.2843,0.788,0,0,0.1711,0,1]},
{"frame":30,"values":[0.8325,-0.0791,-0.5484,0,-0.0935,0.9555,-0.2799,0,0.5461,0.2843,0.788,0,0,0.1711,0,1]},
{"frame":41,"values":[0.8325,-0.0791,-0.5484,0,-0.0935,0.9555,-0.2799,0,0.5461,0.2843,0.788,0,0,0.1711,0,1]},
{"frame":42,"values":[0.8325,-0.0791,-0.5484,0,-0.0935,0.9555,-0.2799,0,0.5461,0.2843,0.788,0,0,0.1711,0,1]}],"loopBehavior":1,"name":"anim","property":"_matrix"}},
{"name":"index_02_l","index":12,"matrix":[0.3607,0.1876,0.9136,0,-0.2668,0.9594,-0.0916,0,-0.8937,-0.2107,0.3961,0,0,0.076,0,1],"rest":[0.3607,0.1876,0.9136,0,-0.2668,0.9594,-0.0916,0,-0.8937,-0.2107,0.3961,0,0,0.076,0,1],"parentBoneIndex":11,"length":0.0234
,"animation":{"dataType":3,"framePerSecond":60,"keys":[
{"frame":0,"values":[0.3607,0.1876,0.9136,0,-0.2668,0.9594,-0.0916,0,-0.8937,-0.2107,0.3961,0,0,0.076,0,1]},
{"frame":30,"values":[0.3607,0.1876,0.9136,0,-0.2668,0.9594,-0.0916,0,-0.8937,-0.2107,0.3961,0,0,0.076,0,1]},
{"frame":41,"values":[0.3607,0.1876,0.9136,0,-0.2668,0.9594,-0.0916,0,-0.8937,-0.2107,0.3961,0,0,0.076,0,1]},
{"frame":42,"values":[0.3607,0.1876,0.9136,0,-0.2668,0.9594,-0.0916,0,-0.8937,-0.2107,0.3961,0,0,0.076,0,1]}],"loopBehavior":1,"name":"anim","property":"_matrix"}},
{"name":"index_03_l","index":13,"matrix":[0.9694,0.0727,0.2344,0,-0.0985,0.9901,0.1,0,-0.2248,-0.12,0.967,0,0,0.0234,0,1],"rest":[0.9694,0.0727,0.2344,0,-0.0985,0.9901,0.1,0,-0.2248,-0.12,0.967,0,0,0.0234,0,1],"parentBoneIndex":12,"length":0.0206
,"animation":{"dataType":3,"framePerSecond":60,"keys":[
{"frame":0,"values":[0.9694,0.0727,0.2344,0,-0.0985,0.9901,0.1,0,-0.2248,-0.12,0.967,0,0,0.0234,0,1]},
{"frame":30,"values":[0.9694,0.0727,0.2344,0,-0.0985,0.9901,0.1,0,-0.2248,-0.12,0.967,0,0,0.0234,0,1]},
{"frame":41,"values":[0.9694,0.0727,0.2344,0,-0.0985,0.9901,0.1,0,-0.2248,-0.12,0.967,0,0,0.0234,0,1]},
{"frame":42,"values":[0.9694,0.0727,0.2344,0,-0.0985,0.9901,0.1,0,-0.2248,-0.12,0.967,0,0,0.0234,0,1]}],"loopBehavior":1,"name":"anim","property":"_matrix"}},
{"name":"middle_01_l","index":14,"matrix":[0.7548,0.0429,-0.6545,0,-0.0746,0.997,-0.0207,0,0.6516,0.0645,0.7558,0,0,0.1711,0,1],"rest":[0.7548,0.0429,-0.6545,0,-0.0746,0.997,-0.0207,0,0.6516,0.0645,0.7558,0,0,0.1711,0,1],"parentBoneIndex":10,"length":0.0716
,"animation":{"dataType":3,"framePerSecond":60,"keys":[
{"frame":0,"values":[0.7548,0.0429,-0.6545,0,-0.0746,0.997,-0.0207,0,0.6516,0.0645,0.7558,0,0,0.1711,0,1]},
{"frame":30,"values":[0.7548,0.0429,-0.6545,0,-0.0746,0.997,-0.0207,0,0.6516,0.0645,0.7558,0,0,0.1711,0,1]},
{"frame":41,"values":[0.7548,0.0429,-0.6545,0,-0.0746,0.997,-0.0207,0,0.6516,0.0645,0.7558,0,0,0.1711,0,1]},
{"frame":42,"values":[0.7548,0.0429,-0.6545,0,-0.0746,0.997,-0.0207,0,0.6516,0.0645,0.7558,0,0,0.1711,0,1]}],"loopBehavior":1,"name":"anim","property":"_matrix"}},
{"name":"middle_02_l","index":15,"matrix":[0.5231,0.3071,0.795,0,-0.3173,0.9359,-0.1528,0,-0.791,-0.1724,0.5871,0,0,0.0716,0,1],"rest":[0.5231,0.3071,0.795,0,-0.3173,0.9359,-0.1528,0,-0.791,-0.1724,0.5871,0,0,0.0716,0,1],"parentBoneIndex":14,"length":0.0303
,"animation":{"dataType":3,"framePerSecond":60,"keys":[
{"frame":0,"values":[0.5231,0.3071,0.795,0,-0.3173,0.9359,-0.1528,0,-0.791,-0.1724,0.5871,0,0,0.0716,0,1]},
{"frame":30,"values":[0.5231,0.3071,0.795,0,-0.3173,0.9359,-0.1528,0,-0.791,-0.1724,0.5871,0,0,0.0716,0,1]},
{"frame":41,"values":[0.5231,0.3071,0.795,0,-0.3173,0.9359,-0.1528,0,-0.791,-0.1724,0.5871,0,0,0.0716,0,1]},
{"frame":42,"values":[0.5231,0.3071,0.795,0,-0.3173,0.9359,-0.1528,0,-0.791,-0.1724,0.5871,0,0,0.0716,0,1]}],"loopBehavior":1,"name":"anim","property":"_matrix"}},
{"name":"middle_03_l","index":16,"matrix":[0.987,0.0669,0.1464,0,-0.0611,0.9972,-0.0432,0,-0.1489,0.0337,0.9883,0,0,0.0303,0,1],"rest":[0.987,0.0669,0.1464,0,-0.0611,0.9972,-0.0432,0,-0.1489,0.0337,0.9883,0,0,0.0303,0,1],"parentBoneIndex":15,"length":0.025
,"animation":{"dataType":3,"framePerSecond":60,"keys":[
{"frame":0,"values":[0.987,0.0669,0.1464,0,-0.0611,0.9972,-0.0432,0,-0.1489,0.0337,0.9883,0,0,0.0303,0,1]},
{"frame":30,"values":[0.987,0.0669,0.1464,0,-0.0611,0.9972,-0.0432,0,-0.1489,0.0337,0.9883,0,0,0.0303,0,1]},
{"frame":41,"values":[0.987,0.0669,0.1464,0,-0.0611,0.9972,-0.0432,0,-0.1489,0.0337,0.9883,0,0,0.0303,0,1]},
{"frame":42,"values":[0.987,0.0669,0.1464,0,-0.0611,0.9972,-0.0432,0,-0.1489,0.0337,0.9883,0,0,0.0303,0,1]}],"loopBehavior":1,"name":"anim","property":"_matrix"}},
{"name":"pinky_01_l","index":17,"matrix":[0.8002,0.3933,-0.4528,0,-0.1979,0.8858,0.4198,0,0.5662,-0.2463,0.7866,0,0,0.1711,0,1],"rest":[0.8002,0.3933,-0.4528,0,-0.1979,0.8858,0.4198,0,0.5662,-0.2463,0.7866,0,0,0.1711,0,1],"parentBoneIndex":10,"length":0.0662
,"animation":{"dataType":3,"framePerSecond":60,"keys":[
{"frame":0,"values":[0.8002,0.3933,-0.4528,0,-0.1979,0.8858,0.4198,0,0.5662,-0.2463,0.7866,0,0,0.1711,0,1]},
{"frame":30,"values":[0.8002,0.3933,-0.4528,0,-0.1979,0.8858,0.4198,0,0.5662,-0.2463,0.7866,0,0,0.1711,0,1]},
{"frame":41,"values":[0.8002,0.3933,-0.4528,0,-0.1979,0.8858,0.4198,0,0.5662,-0.2463,0.7866,0,0,0.1711,0,1]},
{"frame":42,"values":[0.8002,0.3933,-0.4528,0,-0.1979,0.8858,0.4198,0,0.5662,-0.2463,0.7866,0,0,0.1711,0,1]}],"loopBehavior":1,"name":"anim","property":"_matrix"}},
{"name":"pinky_02_l","index":18,"matrix":[0.8507,0.2182,0.4782,0,-0.162,0.9743,-0.1563,0,-0.5,0.0555,0.8642,0,0,0.0662,0,1],"rest":[0.8507,0.2182,0.4782,0,-0.162,0.9743,-0.1563,0,-0.5,0.0555,0.8642,0,0,0.0662,0,1],"parentBoneIndex":17,"length":0.0189
,"animation":{"dataType":3,"framePerSecond":60,"keys":[
{"frame":0,"values":[0.8507,0.2182,0.4782,0,-0.162,0.9743,-0.1563,0,-0.5,0.0555,0.8642,0,0,0.0662,0,1]},
{"frame":30,"values":[0.8507,0.2182,0.4782,0,-0.162,0.9743,-0.1563,0,-0.5,0.0555,0.8642,0,0,0.0662,0,1]},
{"frame":41,"values":[0.8507,0.2182,0.4782,0,-0.162,0.9743,-0.1563,0,-0.5,0.0555,0.8642,0,0,0.0662,0,1]},
{"frame":42,"values":[0.8507,0.2182,0.4782,0,-0.162,0.9743,-0.1563,0,-0.5,0.0555,0.8642,0,0,0.0662,0,1]}],"loopBehavior":1,"name":"anim","property":"_matrix"}},
{"name":"pinky_03_l","index":19,"matrix":[0.9166,0.2273,0.3288,0,-0.2095,0.9737,-0.089,0,-0.3404,0.0127,0.9402,0,0,0.0189,0,1],"rest":[0.9166,0.2273,0.3288,0,-0.2095,0.9737,-0.089,0,-0.3404,0.0127,0.9402,0,0,0.0189,0,1],"parentBoneIndex":18,"length":0.014
,"animation":{"dataType":3,"framePerSecond":60,"keys":[
{"frame":0,"values":[0.9166,0.2273,0.3288,0,-0.2095,0.9737,-0.089,0,-0.3404,0.0127,0.9402,0,0,0.0189,0,1]},
{"frame":30,"values":[0.9166,0.2273,0.3288,0,-0.2095,0.9737,-0.089,0,-0.3404,0.0127,0.9402,0,0,0.0189,0,1]},
{"frame":41,"values":[0.9166,0.2273,0.3288,0,-0.2095,0.9737,-0.089,0,-0.3404,0.0127,0.9402,0,0,0.0189,0,1]},
{"frame":42,"values":[0.9166,0.2273,0.3288,0,-0.2095,0.9737,-0.089,0,-0.3404,0.0127,0.9402,0,0,0.0189,0,1]}],"loopBehavior":1,"name":"anim","property":"_matrix"}},
{"name":"ring_01_l","index":20,"matrix":[0.7744,0.2353,-0.5873,0,-0.1209,0.9662,0.2276,0,0.621,-0.1052,0.7767,0,0,0.1711,0,1],"rest":[0.7744,0.2353,-0.5873,0,-0.1209,0.9662,0.2276,0,0.621,-0.1052,0.7767,0,0,0.1711,0,1],"parentBoneIndex":10,"length":0.0686
,"animation":{"dataType":3,"framePerSecond":60,"keys":[
{"frame":0,"values":[0.7744,0.2353,-0.5873,0,-0.1209,0.9662,0.2276,0,0.621,-0.1052,0.7767,0,0,0.1711,0,1]},
{"frame":30,"values":[0.7744,0.2353,-0.5873,0,-0.1209,0.9662,0.2276,0,0.621,-0.1052,0.7767,0,0,0.1711,0,1]},
{"frame":41,"values":[0.7744,0.2353,-0.5873,0,-0.1209,0.9662,0.2276,0,0.621,-0.1052,0.7767,0,0,0.1711,0,1]},
{"frame":42,"values":[0.7744,0.2353,-0.5873,0,-0.1209,0.9662,0.2276,0,0.621,-0.1052,0.7767,0,0,0.1711,0,1]}],"loopBehavior":1,"name":"anim","property":"_matrix"}},
{"name":"ring_02_l","index":21,"matrix":[0.8047,0.2349,0.5453,0,-0.2094,0.9717,-0.1095,0,-0.5556,-0.0261,0.8311,0,0,0.0686,0,1],"rest":[0.8047,0.2349,0.5453,0,-0.2094,0.9717,-0.1095,0,-0.5556,-0.0261,0.8311,0,0,0.0686,0,1],"parentBoneIndex":20,"length":0.0267
,"animation":{"dataType":3,"framePerSecond":60,"keys":[
{"frame":0,"values":[0.8047,0.2349,0.5453,0,-0.2094,0.9717,-0.1095,0,-0.5556,-0.0261,0.8311,0,0,0.0686,0,1]},
{"frame":30,"values":[0.8047,0.2349,0.5453,0,-0.2094,0.9717,-0.1095,0,-0.5556,-0.0261,0.8311,0,0,0.0686,0,1]},
{"frame":41,"values":[0.8047,0.2349,0.5453,0,-0.2094,0.9717,-0.1095,0,-0.5556,-0.0261,0.8311,0,0,0.0686,0,1]},
{"frame":42,"values":[0.8047,0.2349,0.5453,0,-0.2094,0.9717,-0.1095,0,-0.5556,-0.0261,0.8311,0,0,0.0686,0,1]}],"loopBehavior":1,"name":"anim","property":"_matrix"}},
{"name":"ring_03_l","index":22,"matrix":[0.9521,0.1468,0.2684,0,-0.1209,0.9865,-0.1108,0,-0.281,0.073,0.9569,0,0,0.0267,0,1],"rest":[0.9521,0.1468,0.2684,0,-0.1209,0.9865,-0.1108,0,-0.281,0.073,0.9569,0,0,0.0267,0,1],"parentBoneIndex":21,"length":0.0222
,"animation":{"dataType":3,"framePerSecond":60,"keys":[
{"frame":0,"values":[0.9521,0.1468,0.2684,0,-0.1209,0.9865,-0.1108,0,-0.281,0.073,0.9569,0,0,0.0267,0,1]},
{"frame":30,"values":[0.9521,0.1468,0.2684,0,-0.1209,0.9865,-0.1108,0,-0.281,0.073,0.9569,0,0,0.0267,0,1]},
{"frame":41,"values":[0.9521,0.1468,0.2684,0,-0.1209,0.9865,-0.1108,0,-0.281,0.073,0.9569,0,0,0.0267,0,1]},
{"frame":42,"values":[0.9521,0.1468,0.2684,0,-0.1209,0.9865,-0.1108,0,-0.281,0.073,0.9569,0,0,0.0267,0,1]}],"loopBehavior":1,"name":"anim","property":"_matrix"}},
{"name":"thumb_01_l","index":23,"matrix":[0.8012,0.4702,0.3703,0,-0.0824,0.6995,-0.7099,0,-0.5928,0.5382,0.5992,0,0,0.1711,0,1],"rest":[0.8012,0.4702,0.3703,0,-0.0824,0.6995,-0.7099,0,-0.5928,0.5382,0.5992,0,0,0.1711,0,1],"parentBoneIndex":10,"length":0.0307
,"animation":{"dataType":3,"framePerSecond":60,"keys":[
{"frame":0,"values":[0.8012,0.4702,0.3703,0,-0.0824,0.6995,-0.7099,0,-0.5928,0.5382,0.5992,0,0,0.1711,0,1]},
{"frame":30,"values":[0.8012,0.4702,0.3703,0,-0.0824,0.6995,-0.7099,0,-0.5928,0.5382,0.5992,0,0,0.1711,0,1]},
{"frame":41,"values":[0.8012,0.4702,0.3703,0,-0.0824,0.6995,-0.7099,0,-0.5928,0.5382,0.5992,0,0,0.1711,0,1]},
{"frame":42,"values":[0.8012,0.4702,0.3703,0,-0.0824,0.6995,-0.7099,0,-0.5928,0.5382,0.5992,0,0,0.1711,0,1]}],"loopBehavior":1,"name":"anim","property":"_matrix"}},
