{"producer":{"name":"Blender","version":"2.78 (sub 0)","exporter_version":"4.6.1","file":"akane.babylon"},
"autoClear":true,"clearColor":[1,1,1],"ambientColor":[0,0,0],"gravity":[0,-9.81,0],
"materials":[{"name":"akane.hair","id":"akane.hair","ambient":[1,1,1],"diffuse":[0.8,0.8,0.8],"specular":[0,0,0],"emissive":[0,0,0],"specularPower":50,"alpha":1,"backFaceCulling":true,"checkReadyOnlyOnce":false, 
"diffuseTexture":{"name":"texture.png","level":1,"hasAlpha":1,"coordinatesMode":0,"uOffset":0,"vOffset":0,"uScale":1,"vScale":1,"uAng":0,"vAng":0,"wAng":0,"wrapU":1,"wrapV":1,"coordinatesIndex":0}},
{"name":"akane.shoes-blue","id":"akane.shoes-blue","ambient":[1,1,1],"diffuse":[0.8,0.8,0.8],"specular":[0,0,0],"emissive":[0,0,0],"specularPower":50,"alpha":1,"backFaceCulling":true,"checkReadyOnlyOnce":false, 
"diffuseTexture":{"name":"texture.png","level":1,"hasAlpha":1,"coordinatesMode":0,"uOffset":0,"vOffset":0,"uScale":1,"vScale":1,"uAng":0,"vAng":0,"wAng":0,"wrapU":1,"wrapV":1,"coordinatesIndex":0}},
{"name":"akane.skin","id":"akane.skin","ambient":[1,0.912,0.7428],"diffuse":[1,0.912,0.7428],"specular":[0,0,0],"emissive":[0,0,0],"specularPower":245,"alpha":1,"backFaceCulling":true,"checkReadyOnlyOnce":false, 
"diffuseTexture":{"name":"texture.png","level":1,"hasAlpha":1,"coordinatesMode":0,"uOffset":0,"vOffset":0,"uScale":1,"vScale":1,"uAng":0,"vAng":0,"wAng":0,"wrapU":1,"wrapV":1,"coordinatesIndex":0}},
{"name":"akane.shoes-red","id":"akane.shoes-red","ambient":[1,0.4564,0.4621],"diffuse":[0.8,0.3651,0.3697],"specular":[0,0,0],"emissive":[0,0,0],"specularPower":50,"alpha":1,"backFaceCulling":true,"checkReadyOnlyOnce":false},
{"name":"akane.socks","id":"akane.socks","ambient":[1,1,1],"diffuse":[0.8,0.8,0.8],"specular":[0.5,0.5,0.5],"emissive":[0,0,0],"specularPower":50,"alpha":1,"backFaceCulling":true,"checkReadyOnlyOnce":false, 
"diffuseTexture":{"name":"texture.png","level":1,"hasAlpha":1,"coordinatesMode":0,"uOffset":0,"vOffset":0,"uScale":1,"vScale":1,"uAng":0,"vAng":0,"wAng":0,"wrapU":1,"wrapV":1,"coordinatesIndex":0}},
{"name":"akane.cuff","id":"akane.cuff","ambient":[1,1,1],"diffuse":[0.8,0.8,0.8],"specular":[0,0,0],"emissive":[0,0,0],"specularPower":50,"alpha":1,"backFaceCulling":true,"checkReadyOnlyOnce":false},
{"name":"akane.skirt","id":"akane.skirt","ambient":[1,1,1],"diffuse":[0.8,0.8,0.8],"specular":[0,0,0],"emissive":[0,0,0],"specularPower":50,"alpha":1,"backFaceCulling":true,"checkReadyOnlyOnce":false, 
"diffuseTexture":{"name":"texture.png","level":1,"hasAlpha":1,"coordinatesMode":0,"uOffset":0,"vOffset":0,"uScale":1,"vScale":1,"uAng":0,"vAng":0,"wAng":0,"wrapU":1,"wrapV":1,"coordinatesIndex":0}},
{"name":"akane.cardigan","id":"akane.cardigan","ambient":[1,0.6795,0.4678],"diffuse":[1,0.6795,0.4678],"specular":[0,0,0],"emissive":[0,0,0],"specularPower":50,"alpha":1,"backFaceCulling":true,"checkReadyOnlyOnce":false},
{"name":"akane.tie","id":"akane.tie","ambient":[0.1274,0.0497,0.0409],"diffuse":[0.102,0.0398,0.0327],"specular":[0.5,0.5,0.5],"emissive":[0,0,0],"specularPower":50,"alpha":1,"backFaceCulling":true,"checkReadyOnlyOnce":false}],
"multiMaterials":[{"name":"akane.Multimaterial#0","id":"akane.Multimaterial#0","materials":["akane.hair","akane.shoes-blue"]},{"name":"akane.Multimaterial#1","id":"akane.Multimaterial#1","materials":["akane.hair","akane.shoes-blue"]},{"name":"akane.Multimaterial#2","id":"akane.Multimaterial#2","materials":["akane.hair","akane.shoes-blue"]},{"name":"akane.Multimaterial#3","id":"akane.Multimaterial#3","materials":["akane.shoes-red","akane.shoes-blue","akane.socks","akane.skin"]},{"name":"akane.Multimaterial#4","id":"akane.Multimaterial#4","materials":["akane.skin","akane.hair"]},{"name":"akane.Multimaterial#5","id":"akane.Multimaterial#5","materials":["akane.skin","akane.cardigan","akane.cuff","akane.tie"]}],
"skeletons":[{"name":"skeleton","id":0,"dimensionsAtRest":[0.3033,1.0778,0.1703],"bones":[
{"name":"Root","index":0,"matrix":[1,0,0,0,0,0,1,0,0,1,0,0,0,0.0019,0.07,1],"rest":[1,0,0,0,0,0,1,0,0,1,0,0,0,0.0019,0.07,1],"parentBoneIndex":-1,"length":0.0095},
{"name":"pelvis","index":1,"matrix":[0.9049,-0.4255,0,0,0.0938,0.1994,0.9754,0,-0.4151,-0.8827,0.2204,0,0,-0.0352,0.5737,1],"rest":[1,0,0,0,0,0.2204,0.9754,0,0,-0.9754,0.2204,0,0,-0.0352,0.5737,1],"parentBoneIndex":0,"length":0.0429},
{"name":"spine_01","index":2,"matrix":[1,0,0,0,0,0.7959,-0.6054,0,0,0.6054,0.7959,0,0,0.0429,0,1],"rest":[1,0,0,0,0,0.7959,-0.6054,0,0,0.6054,0.7959,0,0,0.0429,0,1],"parentBoneIndex":1,"length":0.0284},
{"name":"spine_02","index":3,"matrix":[1,0,0,0,0,0.5051,0.863,0,0,-0.863,0.5051,0,0,0.0284,0,1],"rest":[1,0,0,0,0,0.5051,0.863,0,0,-0.863,0.5051,0,0,0.0284,0,1],"parentBoneIndex":2,"length":0.0462},
{"name":"spine_03","index":4,"matrix":[1,0,0,0,0,0.9991,-0.0419,0,0,0.0419,0.9991,0,0,0.0462,0,1],"rest":[1,0,0,0,0,0.9991,-0.0419,0,0,0.0419,0.9991,0,0,0.0462,0,1],"parentBoneIndex":3,"length":0.0542},
{"name":"clavicle_l","index":5,"matrix":[0.9905,-0.065,0.1208,0,0.0712,0.9963,-0.0484,0,-0.1173,0.0565,0.9915,0,0,0.0542,0,1],"rest":[0.9905,-0.065,0.1208,0,0.0712,0.9963,-0.0484,0,-0.1173,0.0565,0.9915,0,0,0.0542,0,1],"parentBoneIndex":4,"length":0.2325},
{"name":"upperarm_l","index":6,"matrix":[0.1879,0.0853,0.9785,0,0.9567,0.2094,-0.202,0,-0.2222,0.9741,-0.0423,0,0,0.2325,0,1],"rest":[0.1879,0.0853,0.9785,0,0.9567,0.2094,-0.202,0,-0.2222,0.9741,-0.0423,0,0,0.2325,0,1],"parentBoneIndex":5,"length":0.0408},
{"name":"lowerarm_l","index":7,"matrix":[0.9984,-0.0442,-0.0343,0,-0.0286,0.1233,-0.992,0,0.0481,0.9914,0.1219,0,0,0.0408,0,1],"rest":[0.9995,-0.0256,0.019,0,0.0288,0.9814,-0.19,0,-0.0137,0.1904,0.9816,0,0,0.0408,0,1],"parentBoneIndex":6,"length":0.192},
{"name":"hand_l","index":8,"matrix":[0.9916,-0.1137,-0.0612,0,0.1173,0.9914,0.0588,0,0.054,-0.0655,0.9964,0,0,0.192,0,1],"rest":[0.9915,-0.1133,-0.0646,0,0.1184,0.9896,0.082,0,0.0546,-0.0889,0.9945,0,0,0.192,0,1],"parentBoneIndex":7,"length":0.1754},
{"name":"index_01_l","index":9,"matrix":[0.9388,-0.3163,0.136,0,0.3437,0.885,-0.3142,0,-0.021,0.3417,0.9396,0,0,0.1754,0,1],"rest":[0.9485,-0.3156,-0.0275,0,0.3164,0.9482,0.0297,0,0.0167,-0.0369,0.9992,0,0,0.1754,0,1],"parentBoneIndex":8,"length":0.065},
{"name":"index_02_l","index":10,"matrix":[0.9247,0.3459,0.1592,0,-0.3185,0.9317,-0.1746,0,-0.2087,0.1107,0.9717,0,0,0.065,0,1],"rest":[0.9247,0.3459,0.1592,0,-0.3185,0.9317,-0.1746,0,-0.2087,0.1107,0.9717,0,0,0.065,0,1],"parentBoneIndex":9,"length":0.0156},
{"name":"index_03_l","index":11,"matrix":[0.9986,0.052,0.0018,0,-0.052,0.9986,0.0035,0,-0.0016,-0.0035,1,0,0,0.0156,0,1],"rest":[0.9986,0.052,0.0018,0,-0.052,0.9986,0.0035,0,-0.0016,-0.0035,1,0,0,0.0156,0,1],"parentBoneIndex":10,"length":0.014},
{"name":"middle_01_l","index":12,"matrix":[0.9927,-0.1174,0.0258,0,0.1195,0.9394,-0.3214,0,0.0135,0.3221,0.9466,0,0,0.1754,0,1],"rest":[0.9945,-0.0883,-0.0566,0,0.0913,0.9945,0.0518,0,0.0517,-0.0566,0.9971,0,0,0.1754,0,1],"parentBoneIndex":8,"length":0.0623},
{"name":"middle_02_l","index":13,"matrix":[0.9582,0.1493,0.244,0,-0.0876,0.9651,-0.2466,0,-0.2723,0.215,0.9379,0,0,0.0623,0,1],"rest":[0.9582,0.1493,0.244,0,-0.0876,0.9651,-0.2466,0,-0.2723,0.215,0.9379,0,0,0.0623,0,1],"parentBoneIndex":12,"length":0.0205},
{"name":"middle_03_l","index":14,"matrix":[0.9977,-0.0608,-0.0289,0,0.0613,0.998,0.0171,0,0.0278,-0.0188,0.9994,0,0,0.0205,0,1],"rest":[0.9977,-0.0608,-0.0289,0,0.0613,0.998,0.0171,0,0.0278,-0.0188,0.9994,0,0,0.0205,0,1],"parentBoneIndex":13,"length":0.0169},
{"name":"pinky_01_l","index":15,"matrix":[0.9651,0.2595,-0.0338,0,-0.2493,0.8723,-0.4208,0,-0.0797,0.4145,0.9065,0,0,0.1754,0,1],"rest":[0.9588,0.2824,0.0311,0,-0.2806,0.9584,-0.052,0,-0.0445,0.0411,0.9982,0,0,0.1754,0,1],"parentBoneIndex":8,"length":0.0578},
{"name":"pinky_02_l","index":16,"matrix":[0.9751,-0.2201,0.0269,0,0.2208,0.9749,-0.0271,0,-0.0202,0.0324,0.9993,0,0,0.0578,0,1],"rest":[0.9751,-0.2201,0.0269,0,0.2208,0.9749,-0.0271,0,-0.0202,0.0324,0.9993,0,0,0.0578,0,1],"parentBoneIndex":15,"length":0.0129},
{"name":"pinky_03_l","index":17,"matrix":[0.998,-0.0539,0.0325,0,0.055,0.998,-0.0321,0,-0.0307,0.0338,0.999,0,0,0.0129,0,1],"rest":[0.998,-0.0539,0.0325,0,0.055,0.998,-0.0321,0,-0.0307,0.0338,0.999,0,0,0.0129,0,1],"parentBoneIndex":16,"length":0.0095},
{"name":"ring_01_l","index":18,"matrix":[0.9971,0.0723,-0.0222,0,-0.0755,0.9324,-0.3535,0,-0.0049,0.3542,0.9352,0,0,0.1754,0,1],"rest":[0.994,0.1056,-0.0298,0,-0.1048,0.9941,0.0265,0,0.0324,-0.0232,0.9992,0,0,0.1754,0,1],"parentBoneIndex":8,"length":0.0597},
{"name":"ring_02_l","index":19,"matrix":[0.9783,-0.0337,0.2044,0,0.0749,0.9775,-0.1971,0,-0.1932,0.2081,0.9588,0,0,0.0597,0,1],"rest":[0.9783,-0.0337,0.2044,0,0.0749,0.9775,-0.1971,0,-0.1932,0.2081,0.9588,0,0,0.0597,0,1],"parentBoneIndex":18,"length":0.0181},
{"name":"ring_03_l","index":20,"matrix":[0.9953,-0.0953,-0.0173,0,0.0954,0.9954,0.0033,0,0.0169,-0.0049,0.9998,0,0,0.0181,0,1],"rest":[0.9953,-0.0953,-0.0173,0,0.0954,0.9954,0.0033,0,0.0169,-0.0049,0.9998,0,0,0.0181,0,1],"parentBoneIndex":19,"length":0.0151},
{"name":"thumb_01_l","index":21,"matrix":[0.7527,-0.5031,0.4247,0,0.6446,0.6946,-0.3196,0,-0.1342,0.5143,0.847,0,0,0.1754,0,1],"rest":[0.7783,-0.6026,0.1762,0,0.6194,0.783,-0.058,0,-0.1031,0.1543,0.9826,0,0,0.1754,0,1],"parentBoneIndex":8,"length":0.0274},
{"name":"thumb_02_l","index":22,"matrix":[-0.2299,0.7432,0.6284,0,0.174,0.6666,-0.7248,0,-0.9575,-0.0573,-0.2826,0,0,0.0274,0,1],"rest":[-0.2299,0.7432,0.6284,0,0.174,0.6666,-0.7248,0,-0.9575,-0.0573,-0.2826,0,0,0.0274,0,1],"parentBoneIndex":21,"length":0.0186},
{"name":"thumb_03_l","index":23,"matrix":[0.2508,0.4563,-0.8538,0,0.7435,0.4741,0.4717,0,0.62,-0.753,-0.2203,0,0,0.0186,0,1],"rest":[0.2508,0.4563,-0.8538,0,0.7435,0.4741,0.4717,0,0.62,-0.753,-0.2203,0,0,0.0186,0,1],"parentBoneIndex":22,"length":0.022},
{"name":"clavicle_r","index":24,"matrix":[0.9905,0.065,-0.1208,0,-0.0712,0.9963,-0.0484,0,0.1173,0.0565,0.9915,0,0,0.0542,0,1],"rest":[0.9905,0.065,-0.1208,0,-0.0712,0.9963,-0.0484,0,0.1173,0.0565,0.9915,0,0,0.0542,0,1],"parentBoneIndex":4,"length":0.2325},
{"name":"upperarm_r","index":25,"matrix":[0.1879,-0.0853,-0.9785,0,-0.9567,0.2094,-0.202,0,0.2222,0.9741,-0.0423,0,0,0.2325,0,1],"rest":[0.1879,-0.0853,-0.9785,0,-0.9567,0.2094,-0.202,0,0.2222,0.9741,-0.0423,0,0,0.2325,0,1],"parentBoneIndex":24,"length":0.0408},
{"name":"lowerarm_r","index":26,"matrix":[0.9984,0.0446,0.035,0,0.0302,0.1035,-0.9942,0,-0.0479,0.9936,0.102,0,0,0.0408,0,1],"rest":[0.9995,0.0256,-0.019,0,-0.0288,0.9814,-0.19,0,0.0137,0.1904,0.9816,0,0,0.0408,0,1],"parentBoneIndex":25,"length":0.192},
{"name":"hand_r","index":27,"matrix":[0.9917,0.1139,0.0595,0,-0.1168,0.992,0.0473,0,-0.0536,-0.0538,0.9971,0,0,0.192,0,1],"rest":[0.9915,0.1133,0.0646,0,-0.1184,0.9896,0.082,0,-0.0546,-0.0889,0.9945,0,0,0.192,0,1],"parentBoneIndex":26,"length":0.1754},
{"name":"index_01_r","index":28,"matrix":[0.9495,0.3062,-0.0685,0,-0.3138,0.9292,-0.1951,0,0.004,0.2067,0.9784,0,0,0.1754,0,1],"rest":[0.9485,0.3156,0.0275,0,-0.3164,0.9482,0.0297,0,-0.0167,-0.0369,0.9992,0,0,0.1754,0,1],"parentBoneIndex":27,"length":0.065},
{"name":"index_02_r","index":29,"matrix":[0.9247,-0.3459,-0.1592,0,0.3185,0.9317,-0.1746,0,0.2087,0.1107,0.9717,0,0,0.065,0,1],"rest":[0.9247,-0.3459,-0.1592,0,0.3185,0.9317,-0.1746,0,0.2087,0.1107,0.9717,0,0,0.065,0,1],"parentBoneIndex":28,"length":0.0156},
{"name":"index_03_r","index":30,"matrix":[0.9986,-0.052,-0.0018,0,0.052,0.9986,0.0035,0,0.0016,-0.0035,1,0,0,0.0156,0,1],"rest":[0.9986,-0.052,-0.0018,0,0.052,0.9986,0.0035,0,0.0016,-0.0035,1,0,0,0.0156,0,1],"parentBoneIndex":29,"length":0.014},
{"name":"middle_01_r","index":31,"matrix":[0.9956,0.0925,0.0139,0,-0.0882,0.9779,-0.1893,0,-0.0311,0.1873,0.9818,0,0,0.1754,0,1],"rest":[0.9945,0.0883,0.0566,0,-0.0913,0.9945,0.0518,0,-0.0517,-0.0566,0.9971,0,0,0.1754,0,1],"parentBoneIndex":27,"length":0.0623},
{"name":"middle_02_r","index":32,"matrix":[0.9582,-0.1493,-0.244,0,0.0876,0.9651,-0.2466,0,0.2723,0.215,0.9379,0,0,0.0623,0,1],"rest":[0.9582,-0.1493,-0.244,0,0.0876,0.9651,-0.2466,0,0.2723,0.215,0.9379,0,0,0.0623,0,1],"parentBoneIndex":31,"length":0.0205},
{"name":"middle_03_r","index":33,"matrix":[0.9977,0.0608,0.0289,0,-0.0613,0.998,0.0171,0,-0.0278,-0.0188,0.9994,0,0,0.0205,0,1],"rest":[0.9977,0.0608,0.0289,0,-0.0613,0.998,0.0171,0,-0.0278,-0.0188,0.9994,0,0,0.0205,0,1],"parentBoneIndex":32,"length":0.0169},
{"name":"pinky_01_r","index":34,"matrix":[0.9574,-0.2882,0.0195,0,0.2814,0.9152,-0.2886,0,0.0654,0.2817,0.9573,0,0,0.1754,0,1],"rest":[0.9588,-0.2824,-0.0311,0,0.2806,0.9584,-0.052,0,0.0445,0.0411,0.9982,0,0,0.1754,0,1],"parentBoneIndex":27,"length":0.0578},
{"name":"pinky_02_r","index":35,"matrix":[0.9751,0.2201,-0.0269,0,-0.2208,0.9749,-0.0271,0,0.0202,0.0324,0.9993,0,0,0.0578,0,1],"rest":[0.9751,0.2201,-0.0269,0,-0.2208,0.9749,-0.0271,0,0.0202,0.0324,0.9993,0,0,0.0578,0,1],"parentBoneIndex":34,"length":0.0129},
{"name":"pinky_03_r","index":36,"matrix":[0.998,0.0539,-0.0325,0,-0.055,0.998,-0.0321,0,0.0307,0.0338,0.999,0,0,0.0129,0,1],"rest":[0.998,0.0539,-0.0325,0,-0.055,0.998,-0.0321,0,0.0307,0.0338,0.999,0,0,0.0129,0,1],"parentBoneIndex":35,"length":0.0095},
{"name":"ring_01_r","index":37,"matrix":[0.9942,-0.1021,0.0349,0,0.1073,0.9701,-0.2176,0,-0.0117,0.2201,0.9754,0,0,0.1754,0,1],"rest":[0.994,-0.1056,0.0298,0,0.1048,0.9941,0.0265,0,-0.0324,-0.0232,0.9992,0,0,0.1754,0,1],"parentBoneIndex":27,"length":0.0597},
{"name":"ring_02_r","index":38,"matrix":[0.9783,0.0337,-0.2044,0,-0.0749,0.9775,-0.1971,0,0.1932,0.2081,0.9588,0,0,0.0597,0,1],"rest":[0.9783,0.0337,-0.2044,0,-0.0749,0.9775,-0.1971,0,0.1932,0.2081,0.9588,0,0,0.0597,0,1],"parentBoneIndex":37,"length":0.0181},
{"name":"ring_03_r","index":39,"matrix":[0.9953,0.0953,0.0173,0,-0.0954,0.9954,0.0033,0,-0.0169,-0.0049,0.9998,0,0,0.0181,0,1],"rest":[0.9953,0.0953,0.0173,0,-0.0954,0.9954,0.0033,0,-0.0169,-0.0049,0.9998,0,0,0.0181,0,1],"parentBoneIndex":38,"length":0.0151},
{"name":"thumb_01_r","index":40,"matrix":[0.7757,0.5364,-0.3325,0,-0.6189,0.7498,-0.234,0,0.1238,0.3873,0.9136,0,0,0.1754,0,1],"rest":[0.7783,0.6026,-0.1762,0,-0.6194,0.783,-0.058,0,0.1031,0.1543,0.9826,0,0,0.1754,0,1],"parentBoneIndex":27,"length":0.0274},
{"name":"thumb_02_r","index":41,"matrix":[-0.2299,-0.7432,-0.6284,0,-0.174,0.6666,-0.7248,0,0.9575,-0.0573,-0.2826,0,0,0.0274,0,1],"rest":[-0.2299,-0.7432,-0.6284,0,-0.174,0.6666,-0.7248,0,0.9575,-0.0573,-0.2826,0,0,0.0274,0,1],"parentBoneIndex":40,"length":0.0186},
{"name":"thumb_03_r","index":42,"matrix":[0.2508,-0.4563,0.8538,0,-0.7435,0.4741,0.4717,0,-0.62,-0.753,-0.2203,0,0,0.0186,0,1],"rest":[0.2508,-0.4563,0.8538,0,-0.7435,0.4741,0.4717,0,-0.62,-0.753,-0.2203,0,0,0.0186,0,1],"parentBoneIndex":41,"length":0.022},
{"name":"neck_01","index":43,"matrix":[1,0,0,0,0,0.9951,-0.0993,0,0,0.0993,0.9951,0,0,0.0542,0,1],"rest":[1,0,0,0,0,0.9951,-0.0993,0,0,0.0993,0.9951,0,0,0.0542,0,1],"parentBoneIndex":4,"length":0.2749},
{"name":"head","index":44,"matrix":[1,0,0,0,0,0.9702,0.2422,0,0,-0.2422,0.9702,0,0,0.2749,0,1],"rest":[1,0,0,0,0,0.9702,0.2422,0,0,-0.2422,0.9702,0,0,0.2749,0,1],"parentBoneIndex":43,"length":0.0709},
{"name":"thigh_l","index":45,"matrix":[0.0228,0.2858,0.958,0,0.9993,-0.0364,-0.013,0,0.0312,0.9576,-0.2864,0,0,0.0429,0,1],"rest":[0.0228,0.2858,0.958,0,0.9993,-0.0364,-0.013,0,0.0312,0.9576,-0.2864,0,0,0.0429,0,1],"parentBoneIndex":1,"length":0.074},
{"name":"calf_l","index":46,"matrix":[0.2509,0.9679,-0.017,0,-0.4092,0.0901,-0.908,0,-0.8773,0.2347,0.4186,0,0,0.074,0,1],"rest":[0.1012,0.9925,0.0683,0,-0.4179,0.1047,-0.9024,0,-0.9028,0.0628,0.4254,0,0,0.074,0,1],"parentBoneIndex":45,"length":0.286},
{"name":"foot_l","index":47,"matrix":[0.9957,0.0808,0.0456,0,-0.0878,0.9797,0.1803,0,-0.0301,-0.1836,0.9825,0,0,0.286,0,1],"rest":[0.9957,0.0808,0.0456,0,-0.0878,0.9797,0.1803,0,-0.0301,-0.1836,0.9825,0,0,0.286,0,1],"parentBoneIndex":46,"length":0.2892},
{"name":"ball_l","index":48,"matrix":[0.9992,-0.036,-0.0154,0,0.0026,0.455,-0.8905,0,0.0391,0.8898,0.4547,0,0,0.2892,0,1],"rest":[0.9992,-0.036,-0.0154,0,0.0026,0.455,-0.8905,0,0.0391,0.8898,0.4547,0,0,0.2892,0,1],"parentBoneIndex":47,"length":0.077},
{"name":"thigh_r","index":49,"matrix":[0.0228,-0.2858,-0.958,0,-0.9993,-0.0364,-0.013,0,-0.0312,0.9576,-0.2864,0,0,0.0429,0,1],"rest":[0.0228,-0.2858,-0.958,0,-0.9993,-0.0364,-0.013,0,-0.0312,0.9576,-0.2864,0,0,0.0429,0,1],"parentBoneIndex":1,"length":0.074},
{"name":"calf_r","index":50,"matrix":[0.2095,-0.9778,-0.0067,0,0.4114,0.0944,-0.9066,0,0.887,0.1872,0.422,0,0,0.074,0,1],"rest":[0.1012,-0.9925,-0.0683,0,0.4179,0.1047,-0.9024,0,0.9028,0.0628,0.4254,0,0,0.074,0,1],"parentBoneIndex":49,"length":0.286},
{"name":"foot_r","index":51,"matrix":[0.9957,-0.0808,-0.0456,0,0.0878,0.9797,0.1803,0,0.0301,-0.1836,0.9825,0,0,0.286,0,1],"rest":[0.9957,-0.0808,-0.0456,0,0.0878,0.9797,0.1803,0,0.0301,-0.1836,0.9825,0,0,0.286,0,1],"parentBoneIndex":50,"length":0.2892},
{"name":"ball_r","index":52,"matrix":[0.9992,0.036,0.0154,0,-0.0026,0.455,-0.8905,0,-0.0391,0.8898,0.4547,0,0,0.2892,0,1],"rest":[0.9992,0.036,0.0154,0,-0.0026,0.455,-0.8905,0,-0.0391,0.8898,0.4547,0,0,0.2892,0,1],"parentBoneIndex":51,"length":0.077}]}],
"meshes":[{"name":"hair-inner","id":"hair-inner","materialId":"akane.hair","billboardMode":0,"position":[0,0,0],"rotation":[0,0,0],"scaling":[1,1,1],"isVisible":true,"freezeWorldMatrix":false,"isEnabled":true,"checkCollisions":false,"receiveShadows":false,"skeletonId":0,"numBoneInfluencers":4
,"positions":[0.0997,1.1927,-0.0154,0.0823,1.2196,0.0051,0.0821,1.2354,-0.0224,0.0907,1.2299,-0.0464,0.1097,1.2013,-0.0557,0.1297,1.1608,-0.0574,0.1125,1.1502,-0.0094,0.0896,1.1841,0.0248,0.116,1.1078,-0.0052,0.0953,1.1396,0.0386,0.1413,1.1193,-0.0586,0.1478,1.079,-0.0589,0.1159,1.0676,-0.0021,0.0906,1.0963,0.0483,0.1184,1.0317,0.0004,0.0841,1.0563,0.0547,0.1523,1.0416,-0.0579,0.1571,1.0031,-0.0537,0.1231,0.9956,0.0048,0.0846,1.0218,0.0587,0.1295,0.9548,0.0135,0.0891,0.988,0.0632,0.1644,0.9593,-0.0444,0.1733,0.9078,-0.0288,0.1362,0.9083,0.027,0.0946,0.9502,0.0713,0.1415,0.8554,0.0456,0.099,0.9089,0.0827,0.1828,0.8463,-0.0059,0.1453,0.7959,0.0643,0.1001,0.8645,0.0972,0.1477,0.7298,0.0777,0.106,0.8016,0.1074,0.185,0.7729,0.0239,0.1718,0.6855,0.0599,0.1252,0.7048,0.1061,0.151,0.5911,0.0991]
,"normals":[0.8801,0.3705,0.297,0.8889,0.3797,0.2565,0.8873,0.4024,0.2254,0.865,0.4277,0.2622,0.8485,0.4331,0.304,0.8823,0.3044,0.359,0.9009,0.2177,0.3753,0.8989,0.2954,0.3235,0.8965,0.0704,0.4373,0.913,0.1097,0.3929,0.8893,0.1641,0.4267,0.8684,0.1086,0.4837,0.8708,0.0567,0.4883,0.8921,-0.022,0.4513,0.8492,0.1302,0.5117,0.8672,0.0218,0.4974,0.8491,0.1337,0.511,0.834,0.2009,0.5138,0.8327,0.2069,0.5137,0.8482,0.1322,0.5128,0.817,0.2562,0.5165,0.8317,0.2111,0.5136,0.8168,0.2659,0.5119,0.7993,0.2991,0.5212,0.8001,0.2733,0.534,0.8178,0.2404,0.5228,0.781,0.2473,0.5734,0.7993,0.235,0.5531,0.7765,0.2761,0.5663,0.7553,0.197,0.625,0.77,0.2078,0.6033,0.7343,0.1417,0.6638,0.7359,0.1641,0.6568,0.755,0.2077,0.6219,0.7323,0.1317,0.6681,0.7213,0.1264,0.681,0.7235,0.1225,0.6793]
,"uvs":[0.3602,0.342,0.3706,0.3557,0.3549,0.3612,0.3419,0.3571,0.3408,0.3435,0.3448,0.3234,0.3651,0.3215,0.3797,0.3405,0.3689,0.2983,0.3853,0.3196,0.3475,0.2995,0.3489,0.2745,0.3709,0.2746,0.3902,0.297,0.3706,0.2527,0.393,0.2747,0.349,0.2512,0.3478,0.2276,0.3685,0.2302,0.3921,0.2543,0.3656,0.2044,0.3893,0.2327,0.3452,0.202,0.3415,0.1677,0.3609,0.1695,0.386,0.2068,0.3536,0.1196,0.3804,0.1713,0.3368,0.118,0.3483,0.0726,0.3704,0.1211,0.3494,0.0468,0.3614,0.072,0.3363,0.0693,0.345,0.0383,0.3584,0.0399,0.3584,0.0162]
,"matricesWeights":[1,0,0,0,1,0,0,0,1,0,0,0,1,0,0,0,1,0,0,0,1,0,0,0,1,0,0,0,1,0,0,0,1,0,0,0,1,0,0,0,1,0,0,0,1,0,0,0,1,0,0,0,1,0,0,0,1,0,0,0,1,0,0,0,1,0,0,0,1,0,0,0,1,0,0,0,1,0,0,0,1,0,0,0,1,0,0,0,1,0,0,0,1,0,0,0,1,0,0,0,1,0,0,0,0.6319,0,0,0,1,0,0,0,0.6385,0,0,0,0.2638,0,0,0,0.6254,0,0,0,0.1821,0,0,0,0.2508,0,0,0,0.2769,0,0,0,0.1478,0,0,0,0.1347,0,0,0,0.0186,0,0,0]
,"matricesIndices":[44,84149804,44,84149804,44,84084268,44,44,44,84084268,44,67241260,44,44,44,67241260,44,36504876,44,44,44,36504876,44,771884076,44,44,44,771884076,44,44,44,44,33752108,33752108,44,44,33752108]
,"indices":[0,1,2,0,3,4,0,5,6,6,7,0,8,9,6,6,10,8,8,11,12,12,13,8,14,15,12,12,16,14,14,17,18,18,19,14,20,21,18,18,22,20,20,23,24,24,25,20,26,27,24,24,28,26,28,29,26,29,30,26,31,32,29,31,33,34,34,35,31,0,7,1,0,2,3,0,4,5,6,9,7,8,13,9,6,5,10,8,10,11,12,15,13,14,19,15,12,11,16,14,16,17,18,21,19,20,25,21,18,17,22,20,22,23,24,27,25,26,30,27,24,23,28,28,33,29,29,32,30,31,35,32,31,29,33,34,36,35]
,"subMeshes":[{"materialIndex":0,"verticesStart":0,"verticesCount":37,"indexStart":0,"indexCount":138}]
,"instances":[]}
,{"name":"hair-front","id":"hair-front","materialId":"akane.hair","billboardMode":0,"position":[0,0,0],"rotation":[0,0,0],"scaling":[1,1,1],"isVisible":true,"freezeWorldMatrix":false,"isEnabled":true,"checkCollisions":false,"receiveShadows":false,"skeletonId":0,"numBoneInfluencers":4
,"positions":[-0.0129,1.2783,-0.109,-0.0018,1.2888,-0.104,-0.0123,1.2913,-0.1013,-0.0004,1.2996,-0.0961,-0.0108,1.3029,-0.0927,-0.0025,1.277,-0.1107,0.0084,1.2849,-0.108,0.0091,1.2888,-0.1063,-0.0234,1.2789,-0.1078,-0.0347,1.2895,-0.1018,-0.0341,1.2792,-0.1069,-0.0221,1.3022,-0.0927,-0.0234,1.2911,-0.101,-0.0355,1.2939,-0.0994,-0.0229,1.2645,-0.1146,-0.0126,1.2638,-0.1161,-0.0215,1.2496,-0.1203,-0.0112,1.249,-0.1219,-0.0332,1.2652,-0.113,-0.0318,1.2501,-0.1187,-0.0023,1.2631,-0.1176,0.0079,1.2754,-0.1128,-0.001,1.2485,-0.1235,0.0081,1.2623,-0.1191,-0.0053,1.2224,-0.1279,0.0016,1.2349,-0.1273,-0.0087,1.2353,-0.1257,0.0053,1.222,-0.1296,0.012,1.2345,-0.129,0.0093,1.248,-0.1251,-0.0158,1.2227,-0.1262,-0.0191,1.2358,-0.124,-0.0264,1.2231,-0.1246,-0.0294,1.2362,-0.1224,-0.0121,1.2103,-0.1274,-0.0013,1.2099,-0.1291,-0.008,1.1981,-0.1281,0.0031,1.1977,-0.1298,-0.0229,1.2107,-0.1257,-0.0186,1.1993,-0.1265,0.0095,1.2095,-0.1308,0.0158,1.2216,-0.1313,0.0142,1.1973,-0.1315,0.0203,1.2091,-0.1325,0.0297,1.2737,-0.1103,0.0382,1.2842,-0.1007,0.0292,1.2857,-0.1032,0.0297,1.2965,-0.095,0.0386,1.2724,-0.1072,0.0463,1.2817,-0.0977,0.0463,1.2916,-0.0908,0.0385,1.2948,-0.0929,0.0196,1.2857,-0.1063,0.0203,1.2745,-0.113,0.0096,1.2849,-0.1097,0.0106,1.275,-0.1157,0.02,1.2959,-0.098,0.0223,1.2607,-0.1191,0.0314,1.2602,-0.1159,0.0263,1.2456,-0.1229,0.035,1.2457,-0.1192,0.013,1.2612,-0.122,0.0175,1.2453,-0.1262,0.0402,1.2595,-0.1122,0.0469,1.2706,-0.1034,0.0434,1.2457,-0.1151,0.0485,1.2585,-0.1077,0.0486,1.2155,-0.1176,0.0486,1.2313,-0.1157,0.0409,1.2308,-0.1196,0.0554,1.2164,-0.1145,0.0558,1.2316,-0.1112,0.0513,1.2455,-0.1104,0.0414,1.2144,-0.1202,0.0329,1.2301,-0.1229,0.0341,1.2132,-0.1226,0.0247,1.2293,-0.1261,0.0512,1.1986,-0.1157,0.0574,1.2,-0.1141,0.0617,1.1826,-0.1102,0.0668,1.1843,-0.1099,0.0449,1.1971,-0.117,0.0563,1.1809,-0.1102,0.0631,1.2012,-0.1121,0.0616,1.217,-0.1107,0.0714,1.1858,-0.109,0.0682,1.2021,-0.1092,0.0137,1.3351,-0.0201,0.0008,1.3347,-0.032,0.0083,1.3336,-0.0349,0.0034,1.3311,-0.0485,0.0072,1.3364,-0.0171,-0.0076,1.3356,-0.0282,-0.0051,1.3321,-0.0457,0.0196,1.3335,-0.0224,0.0154,1.3322,-0.037,0.025,1.3317,-0.0238,0.0114,1.3299,-0.0505,0.0192,1.3284,-0.0518,0.022,1.3306,-0.0384,0.024,1.334,-0.0069,0.0194,1.3359,-0.0046,0.0284,1.3342,0.0089,0.0252,1.3364,0.0113,0.028,1.3319,-0.0084,0.0311,1.3317,0.0074,0.0139,1.3375,-0.0015,-0.0005,1.3374,-0.0133,0.0209,1.3383,0.0144,0.0071,1.3387,0.0023,0.0046,1.3199,-0.0737,-0.0011,1.3273,-0.0605,-0.005,1.3216,-0.0716,0.0078,1.3261,-0.0624,0.0165,1.3245,-0.0636,-0.0103,1.3284,-0.0579,-0.0149,1.3224,-0.0695,-0.0199,1.3293,-0.0544,-0.0251,1.323,-0.0666,-0.0141,1.333,-0.0421,-0.0083,1.3132,-0.0826,-0.0191,1.3131,-0.0817,-0.03,1.3128,-0.0799,0.0018,1.3105,-0.0854,0.0139,1.318,-0.0752,0.0116,1.3075,-0.0879,0.0316,1.3143,-0.0755,0.0401,1.3172,-0.0643,0.0328,1.3202,-0.0647,0.0404,1.3213,-0.0523,0.0339,1.3242,-0.0527,0.0395,1.3113,-0.075,0.0465,1.3133,-0.0633,0.0463,1.3175,-0.0515,0.023,1.3163,-0.0757,0.0248,1.3226,-0.0644,0.0305,1.3062,-0.0857,0.0213,1.3067,-0.0874,0.0389,1.3038,-0.0844,0.0465,1.3075,-0.0737,0.0464,1.3003,-0.0828,-0.059,1.2952,-0.0865,-0.0731,1.282,-0.0883,-0.0613,1.2819,-0.0935,-0.084,1.292,-0.0787,-0.0851,1.2817,-0.0834,-0.068,1.3054,-0.0739,-0.0713,1.2943,-0.082,-0.0839,1.2961,-0.0761,-0.0745,1.2673,-0.0939,-0.0628,1.267,-0.0993,-0.0749,1.252,-0.0978,-0.0633,1.2518,-0.1031,-0.0862,1.2676,-0.0885,-0.0866,1.2522,-0.0925,-0.0496,1.2812,-0.0993,-0.0511,1.2667,-0.1047,-0.0381,1.2801,-0.1053,-0.0517,1.2517,-0.1084,-0.0393,1.2664,-0.1101,-0.0476,1.2933,-0.0932,-0.0447,1.3043,-0.0853,-0.0557,1.307,-0.0779,-0.0367,1.29,-0.1012,-0.0355,1.2939,-0.0994,-0.0626,1.2378,-0.1039,-0.0719,1.2248,-0.0975,-0.061,1.2246,-0.1026,-0.074,1.238,-0.0987,-0.0828,1.225,-0.0924,-0.0853,1.2381,-0.0935,-0.0691,1.2123,-0.0947,-0.0587,1.212,-0.0997,-0.066,1.2,-0.0913,-0.0562,1.1997,-0.0961,-0.0796,1.2125,-0.0898,-0.0759,1.2003,-0.0864,-0.05,1.2245,-0.1076,-0.0483,1.2118,-0.1047,-0.0391,1.2243,-0.1127,-0.0463,1.1994,-0.101,-0.0379,1.2116,-0.1096,-0.0512,1.2377,-0.1091,-0.0399,1.2375,-0.1143,-0.04,1.2515,-0.1137,-0.1036,1.2794,-0.0659,-0.1089,1.29,-0.0517,-0.1119,1.2779,-0.0591,-0.1186,1.2857,-0.0461,-0.1204,1.2761,-0.0525,-0.0999,1.2928,-0.0584,-0.1043,1.301,-0.0431,-0.1184,1.2895,-0.0426,-0.1146,1.2636,-0.0662,-0.1066,1.2644,-0.0727,-0.1164,1.2487,-0.0718,-0.1084,1.2493,-0.0776,-0.1226,1.2628,-0.0597,-0.1243,1.2481,-0.066,-0.0957,1.2801,-0.0734,-0.0986,1.2652,-0.0791,-0.088,1.2806,-0.0811,-0.0926,1.2506,-0.0893,-0.0906,1.2661,-0.0856,-0.0923,1.2928,-0.0674,-0.0877,1.3042,-0.0596,-0.0949,1.3047,-0.0497,-0.0855,1.2914,-0.0775,-0.1087,1.2354,-0.08,-0.1155,1.2218,-0.0754,-0.1078,1.2225,-0.0804,-0.1165,1.2348,-0.0746,-0.1233,1.2211,-0.0704,-0.1244,1.2342,-0.0693,-0.1061,1.2101,-0.0795,-0.1137,1.2092,-0.0748,-0.1041,1.198,-0.078,-0.1213,1.2083,-0.0701,-0.1115,1.1969,-0.0735,-0.0985,1.211,-0.0842,-0.1001,1.2232,-0.0854,-0.0909,1.2119,-0.0889,-0.0924,1.2239,-0.0904,-0.0966,1.1992,-0.0824,-0.0891,1.2003,-0.0868,-0.1005,1.2499,-0.0835,-0.1009,1.236,-0.0853,-0.093,1.2366,-0.0907,-0.1275,1.286,-0.0143,-0.1371,1.2718,-0.0063,-0.1325,1.2733,-0.0198,-0.14,1.2794,0.01,-0.1419,1.2699,0.007,-0.1274,1.294,0.0035,-0.1332,1.2833,-0.0017,-0.1401,1.2843,0.0116,-0.1409,1.2584,-0.0109,-0.1368,1.2593,-0.025,-0.1442,1.2443,-0.0153,-0.14,1.245,-0.0296,-0.145,1.2574,0.0032,-0.1483,1.2436,-0.001,-0.1285,1.2743,-0.0337,-0.1328,1.2603,-0.0391,-0.1246,1.2749,-0.0479,-0.1359,1.2456,-0.0438,-0.1287,1.2612,-0.0532,-0.1237,1.2862,-0.0286,-0.1174,1.2972,-0.0222,-0.121,1.2975,-0.0081,-0.1208,1.2851,-0.0437,-0.1418,1.2313,-0.0329,-0.1476,1.2177,-0.022,-0.1425,1.2183,-0.0353,-0.1463,1.2308,-0.0189,-0.1527,1.2171,-0.0088,-0.1508,1.2302,-0.005,-0.1483,1.2048,-0.0248,-0.1424,1.2055,-0.037,-0.1488,1.1921,-0.0274,-0.142,1.193,-0.0385,-0.1543,1.2041,-0.0126,-0.1556,1.1912,-0.0163,-0.1373,1.2188,-0.0485,-0.1365,1.2062,-0.0493,-0.1322,1.2194,-0.0617,-0.1284,1.1947,-0.0608,-0.1306,1.2069,-0.0615,-0.1373,1.2319,-0.0468,-0.1328,1.2325,-0.0607,-0.1318,1.2463,-0.0581,-0.0586,1.3347,0.0034,-0.0446,1.3372,0.011,-0.0506,1.3358,0.0151,-0.0523,1.3359,-0.0019,-0.0374,1.3382,0.0066,-0.0663,1.3325,-0.0078,-0.0596,1.3336,-0.0141,-0.0448,1.3367,-0.0072,-0.0426,1.3363,0.027,-0.0368,1.3379,0.0244,-0.0344,1.3364,0.0391,-0.0298,1.3391,0.021,-0.029,1.3383,0.0379,-0.0474,1.3343,0.0294,-0.0558,1.3341,0.019,-0.0519,1.3322,0.0318,-0.0603,1.3322,0.023,-0.039,1.3342,0.0399,-0.0434,1.3317,0.0406,-0.064,1.3332,0.0087,-0.0721,1.3311,-0.0013,-0.0688,1.3315,0.0142,-0.0771,1.3295,0.0055,-0.0266,1.3369,-0.0184,-0.0094,1.3382,-0.0087,-0.0191,1.3386,-0.0036,-0.0169,1.3364,-0.0236,-0.0005,1.3374,-0.0133,-0.0336,1.3343,-0.0322,-0.0238,1.3338,-0.0375,-0.0076,1.3356,-0.0282,-0.0016,1.3395,0.0069,-0.0113,1.3399,0.0119,0.0064,1.3406,0.0229,-0.0033,1.3408,0.0277,0.0071,1.3387,0.0023,0.0148,1.3397,0.0183,-0.0287,1.3387,0.0016,-0.021,1.3397,0.0167,-0.0132,1.3406,0.0321,-0.0221,1.3397,0.0357,-0.0361,1.337,-0.0128,-0.0431,1.3346,-0.0264,-0.0519,1.3344,-0.0203,-0.0738,1.329,-0.0184,-0.0881,1.3216,-0.0211,-0.0811,1.3234,-0.0289,-0.08,1.3276,-0.011,-0.0943,1.3195,-0.0128,-0.0854,1.326,-0.0032,-0.0968,1.3121,-0.0324,-0.0884,1.3151,-0.0396,-0.1042,1.3089,-0.0244,-0.0738,1.3244,-0.0368,-0.0811,1.3152,-0.0488,-0.0655,1.3248,-0.0443,-0.0731,1.3148,-0.0574,-0.0667,1.3302,-0.0255,-0.0587,1.3309,-0.0322,-0.0399,1.3307,-0.0446,-0.056,1.3253,-0.0506,-0.0457,1.3253,-0.0562,-0.0496,1.331,-0.0387,-0.0511,1.3172,-0.0676,-0.0625,1.3162,-0.0629,-0.0354,1.3243,-0.0619,-0.0405,1.3151,-0.0743,-0.0251,1.323,-0.0666,-0.03,1.3128,-0.0799,-0.0299,1.3301,-0.0499,-0.0199,1.3293,-0.0544,-0.0141,1.333,-0.0421,-0.0939,1.3225,0.0138,-0.1067,1.3139,0.0169,-0.1031,1.3165,0.0068,-0.0968,1.3201,0.023,-0.1092,1.3105,0.0274,-0.0851,1.3261,0.0203,-0.0879,1.3237,0.0284,-0.0986,1.3169,0.0327,-0.1177,1.3047,0.0101,-0.1125,1.3079,-0.0008,-0.1218,1.3007,0.021,-0.0991,1.3181,-0.0033,-0.1087,1.3084,-0.0131,-0.0901,1.3244,0.0051,-0.0815,1.328,0.0127,-0.0768,1.3278,0.0264,-0.0647,1.3303,0.0273,-0.0687,1.3281,0.0322,-0.0731,1.3298,0.0201,-0.0608,1.3274,0.0377,-0.0564,1.3299,0.0345,-0.053,1.3262,0.0431,-0.0481,1.3291,0.0416,-0.0649,1.3244,0.0415,-0.0722,1.3253,0.0377,-0.0687,1.3208,0.046,-0.0751,1.3217,0.044,-0.0579,1.3231,0.045,-0.0625,1.3195,0.0475,-0.0798,1.3253,0.0333,-0.082,1.3218,0.041,-0.0897,1.3204,0.0372,-0.1274,1.269,0.0882,-0.1266,1.2581,0.0991,-0.1339,1.2591,0.0894,-0.1212,1.2681,0.0974,-0.1187,1.2573,0.1084,-0.1199,1.2777,0.0868,-0.1148,1.277,0.0952,-0.1146,1.2675,0.1063,-0.1309,1.247,0.1003,-0.1393,1.248,0.0906,-0.1342,1.235,0.1013,-0.1437,1.2357,0.0919,-0.1219,1.2462,0.1097,-0.1241,1.2344,0.1103,-0.1402,1.2605,0.0789,-0.152,1.2512,0.0685,-0.1449,1.2626,0.0675,-0.1466,1.2493,0.0801,-0.1581,1.2381,0.0704,-0.1328,1.2704,0.0782,-0.1242,1.279,0.0778,-0.1368,1.2725,0.0673,-0.1276,1.2811,0.0678,-0.147,1.2223,0.0935,-0.1383,1.2089,0.1029,-0.1495,1.2079,0.0952,-0.1366,1.2222,0.1021,-0.1264,1.2099,0.1102,-0.1256,1.2223,0.1104,-0.1395,1.1952,0.1036,-0.1516,1.193,0.0971,-0.1405,1.1812,0.1042,-0.1534,1.1778,0.099,-0.1268,1.1974,0.1097,-0.127,1.1847,0.1091,-0.1595,1.2071,0.0869,-0.1624,1.191,0.0901,-0.1675,1.2065,0.0776,-0.1651,1.1744,0.0935,-0.1714,1.189,0.0823,-0.1561,1.2225,0.0841,-0.1519,1.2367,0.0817,-0.1632,1.2231,0.0736,-0.094,1.2966,0.082,-0.0995,1.291,0.0889,-0.1022,1.2916,0.0835,-0.0904,1.2957,0.089,-0.0966,1.2907,0.0938,-0.0864,1.2995,0.083,-0.0922,1.296,0.0857,-0.0855,1.2992,0.0848,-0.1073,1.2847,0.0922,-0.1111,1.2853,0.0852,-0.1094,1.2766,0.1032,-0.1047,1.2929,0.0773,-0.1145,1.2865,0.0775,-0.1067,1.2951,0.0698,-0.1172,1.2887,0.0687,-0.0956,1.2979,0.0772,-0.0883,1.3013,0.0771,-0.0874,1.3001,0.0806,-0.0971,1.3001,0.071,-0.0891,1.3035,0.072,-0.0839,1.3123,0.0583,-0.0772,1.3169,0.0513,-0.0788,1.3113,0.0602,-0.0833,1.3171,0.0496,-0.0751,1.3217,0.044,-0.0905,1.3113,0.0561,-0.0905,1.316,0.0467,-0.082,1.3218,0.041,-0.0745,1.3114,0.0567,-0.0719,1.3163,0.0513,-0.0708,1.311,0.0539,-0.0751,1.3217,0.044,-0.0687,1.3208,0.046,-0.0668,1.3154,0.0505,-0.0768,1.3066,0.0614,-0.0786,1.3064,0.0656,-0.0788,1.3017,0.0657,-0.0793,1.302,0.0698,-0.0746,1.3063,0.0576,-0.0784,1.3015,0.0614,-0.0806,1.3077,0.0679,-0.0795,1.3054,0.0704,-0.081,1.3053,0.0735,-0.0797,1.3022,0.0734,-0.08,1.3042,0.0748,-0.0841,1.3082,0.0662,-0.09,1.307,0.0648,-0.0839,1.3052,0.0727,0.0488,1.3171,-0.0224,0.054,1.3105,-0.0357,0.0524,1.3127,-0.0214,0.0512,1.3128,-0.0502,0.0555,1.3074,-0.0485,0.0448,1.3211,-0.0234,0.0501,1.3155,-0.037,0.0457,1.3199,-0.038,0.0557,1.308,-0.0203,0.0576,1.3051,-0.0342,0.0589,1.3031,-0.0192,0.0593,1.3016,-0.0466,0.061,1.2995,-0.0327,0.0505,1.3143,-0.0062,0.0537,1.3104,-0.0053,0.0486,1.3155,0.0094,0.0568,1.3065,-0.0044,0.0546,1.3099,0.0107,0.0516,1.3127,0.0102,0.0472,1.3179,-0.0071,0.0438,1.3213,-0.0079,0.0456,1.3183,0.0087,0.0426,1.3211,0.008,0.0303,1.3296,-0.0244,0.0347,1.3264,-0.0392,0.0355,1.3272,-0.0245,0.0285,1.3287,-0.0391,0.0267,1.3265,-0.0525,0.0405,1.3235,-0.0388,0.0403,1.3244,-0.0241,0.0361,1.3271,-0.009,0.04,1.3243,-0.0086,0.0367,1.3265,0.0068,0.0397,1.3238,0.0073,0.0321,1.3296,-0.009,0.0339,1.3292,0.0068,0.0574,1.2977,-0.0687,0.0607,1.2972,-0.0569,0.0566,1.3031,-0.0595,0.062,1.2921,-0.0654,0.0646,1.2911,-0.0542,0.0628,1.2955,-0.0446,0.0524,1.3029,-0.0716,0.0519,1.3086,-0.0617,0.0527,1.296,-0.0801,0.0582,1.2912,-0.0765,0.0531,1.2879,-0.0873,0.0591,1.2838,-0.0829,0.0632,1.2861,-0.0723,0.0662,1.2862,-0.0618,0.0645,1.2794,-0.0779,0.0679,1.2809,-0.0678,0.0721,1.2174,-0.1003,0.0741,1.2309,-0.093,0.0684,1.2313,-0.0996,0.0718,1.2434,-0.0913,0.0653,1.2443,-0.0982,0.0767,1.2173,-0.0943,0.0797,1.2305,-0.0862,0.0781,1.2425,-0.0842,0.0671,1.2173,-0.1059,0.0623,1.2316,-0.1058,0.0585,1.245,-0.1046,0.0725,1.2026,-0.1053,0.0761,1.2028,-0.1006,0.0782,1.1875,-0.1044,0.0804,1.1879,-0.1006,0.0753,1.1869,-0.1073,0.0793,1.2028,-0.0954,0.0811,1.2171,-0.0881,0.0834,1.1879,-0.0916,0.0823,1.2027,-0.0899,0.0613,1.2662,-0.0926,0.066,1.2721,-0.0825,0.06,1.2755,-0.0883,0.0677,1.2637,-0.0862,0.0718,1.2685,-0.0764,0.0697,1.275,-0.0726,0.0544,1.2686,-0.0984,0.0535,1.2787,-0.0935,0.056,1.2573,-0.1022,0.063,1.2559,-0.0959,0.0696,1.2543,-0.0891,0.074,1.2612,-0.0795,0.0761,1.2526,-0.082,-0.1391,1.2826,0.0543,-0.1485,1.2735,0.0552,-0.1497,1.2745,0.0527,-0.1384,1.2814,0.0571,-0.1474,1.2724,0.0577,-0.1286,1.2892,0.0566,-0.1285,1.2878,0.0598,-0.1377,1.2803,0.06,-0.1586,1.2636,0.0542,-0.1601,1.2647,0.0521,-0.1699,1.2529,0.0527,-0.1573,1.2621,0.0565,-0.1684,1.2513,0.0545,-0.1511,1.2753,0.0503,-0.162,1.2648,0.0502,-0.1524,1.2759,0.0479,-0.1723,1.252,0.0513,-0.1642,1.2644,0.0484,-0.1398,1.2837,0.0515,-0.1288,1.2905,0.0535,-0.1405,1.2849,0.0486,-0.129,1.2919,0.0504,-0.1849,1.2262,0.0568,-0.1779,1.236,0.0562,-0.1868,1.2195,0.0587,-0.1781,1.2309,0.0584,-0.1891,1.2103,0.0615,-0.1787,1.2387,0.0545,-0.1675,1.2485,0.0566,-0.1892,1.2197,0.0573,-0.1951,1.2036,0.0613,-0.1945,1.2107,0.0584,-0.2002,1.1878,0.0654,-0.2031,1.1879,0.0639,-0.1815,1.2364,0.0539,-0.1853,1.2317,0.0538,-0.1753,1.2499,0.0503,-0.1091,1.2992,0.063,-0.1187,1.2931,0.0629,-0.1186,1.2946,0.0596,-0.1095,1.2976,0.0662,-0.1189,1.2916,0.0662,-0.1283,1.2864,0.0629,-0.109,1.3007,0.0597,-0.1185,1.2961,0.0563,-0.1091,1.3021,0.0562,-0.1184,1.2976,0.053,-0.1005,1.3042,0.0633,-0.1001,1.3031,0.0666,-0.0924,1.3073,0.0672,-0.0914,1.3066,0.0702,-0.1013,1.3051,0.0598,-0.0956,1.3069,0.0636,-0.101,1.3014,0.0693,-0.1024,1.2996,0.0718,-0.1101,1.296,0.0694,-0.0928,1.3049,0.0723,-0.0965,1.3025,0.073,-0.0992,1.308,0.0533,-0.1083,1.2986,0.0605,-0.1093,1.3027,0.05,-0.0983,1.3036,0.0628,-0.119,1.2921,0.0583,-0.1204,1.2955,0.0466,-0.1295,1.2843,0.0564,-0.1312,1.2873,0.0436,-0.1098,1.3067,0.0387,-0.122,1.298,0.0337,-0.1092,1.3105,0.0274,-0.1334,1.2887,0.0292,-0.1218,1.3007,0.021,-0.0994,1.3126,0.043,-0.0986,1.3169,0.0327,-0.0897,1.3204,0.0372,-0.0817,1.303,0.0789,-0.0837,1.3032,0.0771,-0.0812,1.3038,0.0772,-0.0833,1.3022,0.0797,-0.0803,1.3035,0.0777,-0.0811,1.3027,0.0796,-0.0803,1.3026,0.0784,-0.0809,1.3023,0.0801,-0.08,1.3024,0.0763,-0.0829,1.3016,0.0812,-0.0825,1.3013,0.0821,-0.1487,1.2689,0.0407,-0.139,1.2756,0.0551,-0.1476,1.2655,0.0546,-0.1404,1.2787,0.0415,-0.1565,1.2569,0.0412,-0.1552,1.2538,0.0554,-0.1637,1.2425,0.0437,-0.1619,1.2401,0.0576,-0.1566,1.2604,0.0263,-0.1491,1.2724,0.0258,-0.1562,1.2641,0.011,-0.149,1.2759,0.0106,-0.1642,1.2452,0.029,-0.1642,1.2481,0.0139,-0.1419,1.281,0.0267,-0.1401,1.2843,0.0116,-0.1765,1.2063,0.0555,-0.1677,1.2241,0.0617,-0.173,1.2063,0.067,-0.1703,1.2254,0.0486,-0.1824,1.1858,0.0636,-0.1824,1.1678,0.0801,-0.1881,1.1646,0.0723,-0.1778,1.1873,0.0733,-0.175,1.171,0.0872,-0.1857,1.1843,0.0532,-0.1787,1.2064,0.0433,-0.1883,1.1828,0.0426,-0.1803,1.2066,0.0307,-0.1926,1.1614,0.064,-0.1964,1.1582,0.0556,-0.1716,1.227,0.0349,-0.1722,1.2287,0.0208,0.0247,1.1973,-0.1331,0.0148,1.3397,0.0183,-0.0355,1.2939,-0.0994,-0.0364,1.1991,-0.1058,-0.119,1.1958,-0.0691,-0.1352,1.1938,-0.0497,-0.0076,1.3356,-0.0282,-0.0005,1.3374,-0.0133,-0.0141,1.333,-0.0421,-0.0076,1.3356,-0.0282,-0.0005,1.3374,-0.0133,0.0071,1.3387,0.0023,0.0071,1.3387,0.0023,-0.03,1.3128,-0.0799,-0.0251,1.323,-0.0666,-0.0355,1.2939,-0.0994,-0.03,1.3128,-0.0799,-0.0251,1.323,-0.0666,-0.0199,1.3293,-0.0544,-0.0199,1.3293,-0.0544,-0.0141,1.333,-0.0421,-0.1032,1.2844,0.0988,-0.082,1.3218,0.041,-0.0751,1.3217,0.044,-0.0897,1.3204,0.0372,-0.082,1.3218,0.041,-0.0751,1.3217,0.044,-0.0687,1.3208,0.046,-0.0687,1.3208,0.046,-0.0625,1.3195,0.0475,0.082,1.188,-0.0963,-0.2115,1.1642,0.0698,-0.1218,1.3007,0.021,-0.1092,1.3105,0.0274,-0.1401,1.2843,0.0116,-0.1218,1.3007,0.021,-0.1092,1.3105,0.0274,-0.0986,1.3169,0.0327,-0.0986,1.3169,0.0327,-0.0897,1.3204,0.0372,-0.1434,1.2829,0.0113,-0.1401,1.2843,0.0116]
